3570	3568	3570	3568	3570	3568	3570	3568	3570	3568	3570	3568
62	58	63	58	62	58	62	58	59	58	60	245
3568	3570	3568	3570	3568	3570	3568	3570	3568	3570	3568	3570
3568	3570	3568	3570	3568	3570	3568	3570	3568	3570	3568	3570
3570	3568	3570	3568	3570	3568	3570	3568	3570	3568	3570	3568
3568	3570	3568	3570	3568	3570	3568	3570	3568	3570	3568	3570
3570	3568	3570	3568	3570	3568	3570	3568	3570	3568	3570	3568
3570	3568	3570	3568	3570	3568	3570	3568	3570	3568	3570	3568
4646	4725	4217	5740	2440	4612	2440	4045	2440	4776	5608	4964
3568	3570	3568	3570	3568	3570	3568	3570	3568	3570	3568	3570
