3570	3568	3570	3568	3570	3568	3570	3568	3570	3568	3570	3568
3570	3568	3570	3568	3570	3568	3570	3568	3570	3568	3570	3568
727	2852	1303	499	725	13615	1304	4961	1304	1531	1571	1405
1117	1118	1117	1118	1117	1118	1117	1118	1117	1118	1117	1118
3570	3568	3570	3568	3570	3568	3570	3568	3570	3568	3570	3568
4	2174	2640	2174	1199	2640	2054	2636	2054	2637	51	2119
1117	1118	1117	1118	1117	1118	1117	1118	1117	1118	1117	1118
6503	4071	19186	4071	3139	4071	12290	6503	12880	10732	480	12650
4638	742	4638	2228	2224	2228	62	58	62	58	59	58
3568	3570	3568	3570	3568	3570	3568	3570	3568	3570	3568	3570
1117	1118	1117	1118	1117	1118	1117	1118	1117	1118	1117	1118
1117	1118	1117	1118	1117	1118	1117	1118	1117	1118	1117	1118
