3568	3570	3568	3570	3568	3570	3568	3570	3568	3570	3568	3570
20688	20689	20688	20689	20688	20689	20688	20689	20688	20689	20688	20689
3568	3570	3568	3570	3568	3570	3568	3570	3568	3570	3568	3570
3570	3568	3570	3568	3570	3568	3570	3568	3570	3568	3570	3568
1118	1117	1118	1117	1118	1117	1118	1117	1118	1117	1118	1117
3569	3568	3570	3568	3570	3568	3570	3568	3570	3568	3570	3568
3783	3786	2255	2263	2121	2120	2262	2151	2144	3103	2144	2121
1118	1117	1118	1117	1118	1117	1118	1117	1118	1117	1118	1117
3570	3568	3570	3568	3570	3568	3570	3568	3570	3568	3570	3568
28502	28501	28502	28501	28502	28501	28502	28501	28502	28501	28502	28185
3570	3568	3570	3568	3570	3568	3570	3568	3570	3568	3570	3568
1118	1117	1118	1117	1118	1117	1118	1117	1118	1117	1118	1117
