1117	1118	1117	1118	1117	1118	1117	1118	1117	1118	1117	1118
3570	3568	3570	3568	3570	3568	3570	3568	3570	3568	3570	3568
3568	3570	3568	3570	3568	3570	3568	3570	3568	3570	3568	3570
3568	3570	3568	3570	3568	3570	3568	3570	3568	3570	3568	3570
3570	3568	3570	3568	3570	3568	3570	3568	3570	3568	3570	3568
2123	639	2137	639	2315	15	6261	17097	13736	8597	8935	21425
1117	1118	1117	1118	1117	1118	1117	1118	1117	1118	1117	1118
3570	3568	3570	3568	3570	3568	3570	3568	3570	3568	3570	3568
3568	3570	3568	3570	3568	3570	3568	3570	3568	3570	3568	3570
3568	3570	3568	3570	3568	3570	3568	3570	3568	3570	3568	3570
3569	3568	3570	3568	3570	3568	3570	3568	3570	3568	3570	3568
5355	1752	5355	3139	20	10292	1227	1228	4793	5377	11011	20230
1118	1117	1118	1117	1118	1117	1118	1117	1118	1117	1118	1117
3568	3570	3568	3570	3568	3570	3568	3570	3568	3570	3568	3570
