8348	9533	12372	12166	51	2054	2637	2054	12168	2174	2054	512
3568	3570	3568	3570	3568	3570	3568	3570	3568	3570	3568	3570
1118	1117	1118	1117	1118	1117	1118	1117	1118	1117	1118	1117
1171	33	1169	1177	1179	1177	1172	1199	2637	2640	2174	12167
2811	2126	2002	2144	2002	2126	2143	1691	5829	2440	2542	4674
4792	6360	3748	4811	2295	4934	1414	4726	1414	1418	4590	1081
3570	3568	3570	3568	3570	3568	3570	3568	3570	3568	3570	3568
250	667	262	742	262	249	242	4496	4536	960	1209	10095
2175	14602	13901	21773	1296	714	1290	12663	2692	14552	9988	14558
7823	214	2264	20249	497	2973	497	7403	1299	2892	12428	14624
6255	11227	20943	11227	20918	12168	12167	1294	15931	1294	15931	11753
1118	1117	1118	1117	1118	1117	1118	1117	1118	1117	1118	1117
2828	5337	740	66	1427	66	13322	6	1636	1649	814	1643
12506	12505	12506	12505	12507	12505	12506	12505	12507	14519	6146	10896
1117	1118	1117	1118	1117	1118	1117	1118	1117	1118	1117	1118
1117	1118	1117	1118	1117	1118	1117	1118	1117	1118	1117	1118
