15218	2827	15218	2827	2825	2826	3067	3123	641	3123	641	631
1118	1117	1118	1117	1118	1117	1118	1117	1118	1117	1118	1117
3568	3570	3568	3570	3568	3570	3568	3570	3568	3570	3568	3570
1117	1118	1117	1118	1117	1118	1117	1118	1117	1118	1117	1118
3568	3570	3568	3570	3568	3570	3568	3570	3568	3570	3568	3570
19604	19603	10370	5985	5335	10016	9357	2124	2475	242	1146	1148
1117	1118	1117	1118	1117	1118	1117	1118	1117	1118	1117	1118
3568	3570	3568	3570	3568	3570	3568	3570	3568	3570	3568	3570
2778	4255	3015	4242	4251	904	12426	3000	2255	2120	2255	9
3570	3568	3570	3568	3570	3568	3570	3568	3570	3568	3570	3568
2825	2826	2899	2826	2514	6076	4902	1149	1146	1148	234	2619
973	978	974	973	972	973	968	977	978	735	978	977
3569	3568	3570	3568	3570	3568	3570	3568	3570	3568	3570	3568
2133	2134	2121	2149	2122	1126	2143	2141	305	3107	2150	2145
3570	3568	3570	3568	3570	3568	3570	3568	3570	3568	3570	3568
5985	2124	5985	9357	10016	3136	1135	2405	165	2412	2315	12375
