1118	1117	1118	1117	1118	1117	1118	1117	1118	1117	1118	1117
1118	1117	1118	1117	1118	1117	1118	1117	1118	1117	1118	1117
1118	1117	1118	1117	1118	1117	1118	1117	1118	1117	1118	1117
1117	1118	1117	1118	1117	1118	1117	1118	1117	1118	1117	1118
3568	3570	3568	3570	3568	3570	3568	3570	3568	3570	3568	3570
1117	1118	1117	1118	1117	1118	1117	1118	1117	1118	1117	1118
20688	20689	20688	20689	20688	20689	20688	20689	20688	20689	20688	20689
1118	1117	1118	1117	1118	1117	1118	1117	1118	1117	1118	1117
5709	13758	3761	17038	8832	8834	6249	2932	1262	2932	2039	15718
3568	3570	3568	3570	3568	3570	3568	3570	3568	3570	3568	3570
966	2890	2255	2252	3105	8749	17528	13974	1562	6115	4208	5202
1118	1117	1118	1117	1118	1117	1118	1117	1118	1117	1118	1117
3568	3570	3568	3570	3568	3570	3568	3570	3568	3570	3568	3570
