1118	1117	1118	1117	1118	1117	1118	1117	1118	1117	1118	1117
2196	1686	1691	4426	2524	530	4253	4255	3172	879	876	11721
16648	10516	16648	10516	4868	10516	7143	750	7145	8471	5384	24945
12854	860	873	212	4237	264	4909	13284	3139	6841	6281	6847
3151	3162	3169	3151	3105	3103	2376	252	261	4637	4638	4636
1	20	3139	3163	3151	2766	8347	5988	3981	5012	8595	22503
1117	1118	1117	1118	1117	1118	1117	1118	1117	1118	1117	1118
3570	3568	3570	3568	3570	3568	3570	3568	3570	3568	3570	3568
3570	3568	3570	3568	3570	3568	3570	3568	3570	3568	3570	3568
20590	7122	20590	9991	20590	13360	4554	3013	2494	12741	13103	18836
1118	1117	1118	1117	1118	1117	1118	1117	1118	1117	1118	1117
1117	1118	1117	1118	1117	1118	1117	1118	1117	1118	1117	1118
3570	3568	3570	3568	3570	3568	3570	3568	3570	3568	3570	3568
3570	3568	3570	3568	3570	3568	3570	3568	3570	3568	3570	3568
3570	3568	3570	3568	3570	3568	3570	3568	3570	3568	3570	3568
561	1891	561	1891	1118	1117	1118	1117	1118	1117	1118	1117
3570	3568	3570	3568	3570	3568	3570	3568	3570	3568	3570	3568
