4664	4660	4665	4659	963	1278	4657	4637	4638	6417	6418	15793
16762	16475	16761	16475	15465	2828	2825	2827	2825	2826	3065	168
2890	966	498	966	2890	4892	776	2252	2640	2252	2725	2392
1118	1117	1118	1117	1118	1117	1118	1117	1118	1117	1118	1117
3570	3568	3570	3568	3570	3568	3570	3568	3570	3568	3570	3568
4067	4070	12289	12292	4071	7410	271	264	2776	2774	14834	1253
1039	1036	1042	1152	2822	2821	39	309	15614	5559	12701	12741
3569	3568	3570	3568	3570	3568	3570	3568	3570	3568	3570	3568
3568	3570	3568	3570	3568	3570	3568	3570	3568	3570	3568	3570
18507	2081	1274	1272	244	1413	2259	5549	2410	250	1036	1037
1117	1118	1117	1118	1117	1118	1117	1118	1117	1118	1117	1118
31778	25413	31778	25413	25412	25413	25412	25413	25412	25413	25412	25413
3808	6275	2514	6275	2514	4574	2403	487	784	787	117	570
