3396	3397	5019	3130	2892	16405	7973	8830	8835	6665	11074	11129
3568	3570	3568	3570	3568	3570	3568	3570	3568	3570	3568	3570
3570	3568	3570	3568	3570	3568	3570	3568	3570	3568	3570	3568
3568	3570	3568	3570	3568	3570	3568	3570	3568	3570	3568	3570
1118	1117	1118	1117	1118	1117	1118	1117	1118	1117	1118	1117
13432	457	669	261	674	671	6128	4475	5231	1081	6048	1481
1118	1117	1118	1117	1118	1117	1118	1117	1118	1117	1118	1117
3568	3570	3568	3570	3568	3570	3568	3570	3568	3570	3568	3570
2825	2828	2262	2124	2126	9357	2135	8141	251	7931	9357	9344
5354	3569	3568	3570	3568	3570	3568	3570	3568	3570	3568	3570
3568	3570	3568	3570	3568	3570	3568	3570	3568	3570	3568	3570
1118	1117	1118	1117	1118	1117	1118	1117	1118	1117	1118	1117
5703	6417	5703	4473	4558	4559	1640	1278	2974	963	528	529
660	657	242	2475	2124	2122	2810	2112	1413	2993	243	665
8267	6275	2514	4574	2516	1127	4582	4902	4517	1226	484	8838
