1117	1118	1117	1118	1117	1118	1117	1118	1117	1118	1117	1118
1117	1118	1117	1118	1117	1118	1117	1118	1117	1118	1117	1118
3074	1173	867	273	867	264	2776	264	2773	2766	4242	891
1118	1117	1118	1117	1118	1117	1118	1117	1118	1117	1118	1117
1117	1118	1117	1118	1117	1118	1117	1118	1117	1118	1117	1118
9393	5925	4591	2552	1201	3367	6649	3367	524	536	836	423
2698	266	232	262	742	2227	2224	2228	742	668	660	1129
3171	14605	5663	5651	2499	5352	10173	5352	3172	863	879	14834
1117	1118	1117	1118	1117	1118	1117	1118	1117	1118	1117	1118
12394	12166	2054	51	12394	51	2637	51	2174	6504	5892	29875
1118	1117	1118	1117	1118	1117	1118	1117	1118	1117	1118	1117
2772	15943	4909	5214	4780	663	283	5267	14870	4240	4236	4256
1117	1118	1117	1118	1117	1118	1117	1118	1117	1118	1117	1118
13701	6536	6627	2308	6031	5590	5332	5590	5331	1201	1209	4262
4997	3131	242	658	739	658	739	658	670	658	739	3779
