1117	1118	1117	1118	1117	1118	1117	1118	1117	1118	1117	1118
3570	3568	3570	3568	3570	3568	3570	3568	3570	3568	3570	3568
3568	3570	3568	3570	3568	3570	3568	3570	3568	3570	3568	3570
16590	16589	16590	16589	16590	16588	16589	16590	16588	16590	16589	16595
3568	3570	3568	3570	3568	3570	3568	3570	3568	3570	3568	3570
2639	1199	2640	2637	2640	1199	1172	1179	1177	1172	1169	509
236	238	243	669	670	2821	2823	2821	39	2821	2822	2081
3568	3570	3568	3570	3568	3570	3568	3570	3568	3570	3568	3570
1117	1118	1117	1118	1117	1118	1117	1118	1117	1118	1117	1118
16590	16589	16590	16589	16590	16589	16590	16589	16590	16589	16590	16589
1118	1117	1118	1117	1118	1117	1118	1117	1118	1117	1118	1117
1117	1118	1117	1118	1117	1118	1117	1118	1117	1118	1117	1118
3569	3568	3570	3568	3570	3568	3570	3568	3570	3568	3570	3568
