1118	1117	1118	1117	1118	1117	1118	1117	1118	1117	1118	1117
12165	2054	2637	2640	51	2174	11258	2957	12164	2957	2174	12168
3568	3570	3568	3570	3568	3570	3568	3570	3568	3570	3568	3570
3568	3570	3568	3570	3568	3570	3568	3570	3568	3570	3568	3570
1117	1118	1117	1118	1117	1118	1117	1118	1117	1118	1117	1118
3570	3568	3570	3568	3570	3568	3570	3568	3570	3568	3570	3568
1117	1118	1117	1118	1117	1118	1117	1118	1117	1118	1117	1118
3568	3570	3568	3570	3568	3570	3568	3570	3568	3570	3568	3570
3570	3568	3570	3568	3570	3568	3570	3568	3570	3568	3570	3568
3568	3570	3568	3570	3568	3570	3568	3570	3568	3570	3568	3570
3568	3570	3568	3570	3568	3570	3568	3570	3568	3570	3568	3570
1117	1118	1117	1118	1117	1118	1117	1118	1117	1118	1117	1118
2640	8	50	51	50	7	2	12	2055	2054	2637	1199
3568	3570	3568	3570	3568	3570	3568	3570	3568	3570	3568	3570
4868	7143	9357	2124	4546	242	657	243	6129	6082	2814	2818
2253	6637	3569	3568	3570	3568	3570	3568	3570	3568	3570	3568
62	2228	4638	2823	742	4638	4636	4638	741	4638	2823	692
1118	1117	1118	1117	1118	1117	1118	1117	1118	1117	1118	1117
3568	3570	3568	3570	3568	3570	3568	3570	3568	3570	3568	3570
4206	2961	2822	1223	2892	4723	3129	4723	3129	4864	2258	4967
1118	1117	1118	1117	1118	1117	1118	1117	1118	1117	1118	1117
3570	3568	3570	3568	3570	3568	3570	3568	3570	3568	3570	3568
