3568	3570	3568	3570	3568	3570	3568	3570	3568	3570	3568	3570
970	977	969	734	732	734	732	735	851	975	6772	6408
1118	1117	1118	1117	1118	1117	1118	1117	1118	1117	1118	1117
3570	3568	3570	3568	3570	3568	3570	3568	3570	3568	3570	3568
1118	1117	1118	1117	1118	1117	1118	1117	1118	1117	1118	1117
1118	1117	1118	1117	1118	1117	1118	1117	1118	1117	1118	1117
3570	3568	3570	3568	3570	3568	3570	3568	3570	3568	3570	3568
3570	3568	3570	3568	3570	3568	3570	3568	3570	3568	3570	3568
1118	1117	1118	1117	1118	1117	1118	1117	1118	1117	1118	1117
1118	1117	1118	1117	1118	1117	1118	1117	1118	1117	1118	1117
1118	1117	1118	1117	1118	1117	1118	1117	1118	1117	1118	1117
1117	1118	1117	1118	1117	1118	1117	1118	1117	1118	1117	1118
3568	3570	3568	3570	3568	3570	3568	3570	3568	3570	3568	3570
1118	1117	1118	1117	1118	1117	1118	1117	1118	1117	1118	1117
3570	3568	3570	3568	3570	3568	3570	3568	3570	3568	3570	3568
