40940	40939	40940	40939	40940	40939	40940	40939	40940	40939	40940	40939
43511	39401	43511	39401	43511	39401	43511	39401	43511	39401	36613	16625
12230	2978	2705	13301	9988	14556	1662	18904	21132	6727	2696	2720
15817	3872	11993	2315	3904	15821	8130	23387	12258	11055	27385	26573
42886	42885	42886	42885	42886	42885	42886	42885	42886	42885	42886	42885
41689	41688	41689	41688	41689	41688	41689	41688	41689	41688	41689	41688
15135	23672	3170	2026	4069	481	12293	4071	1752	4069	12292	5657
9199	22908	28652	1212	5077	5090	9194	5116	6262	9218	7328	35130
32830	13840	32830	13840	32830	13840	32830	13840	32830	13840	32830	13840
1019	11542	35196	20339	26215	3926	20850	14942	20774	133	7891	1902
246	7833	7828	7839	15696	15692	11919	15692	17956	6948	13376	29004
40939	40940	40939	40940	40939	40940	40939	40940	40939	40940	40939	40940
170	3152	3157	3168	879	269	5241	3166	3159	3983	9692	16514
21298	18291	21302	12508	21302	21304	17532	28382	17532	5742	4374	2609
2244	6720	1430	3455	1564	15638	13852	21754	22205	18174	12739	3012
37048	43414	37048	43414	14896	43414	14896	43414	37048	20847	14963	9292
40940	40939	40940	40939	40940	40939	40940	40939	40940	40939	40940	40939
6	1636	2223	1636	1649	5	2056	309	39	2836	7675	1209
49148	3285	49148	3285	49148	3285	3283	3285	49148	3285	3283	197
4216	10185	13782	381	15019	5237	3009	12741	2149	2121	2141	639
42172	42171	42172	42171	42172	42171	42172	42171	42172	42171	42172	42171
3570	3568	3570	3568	3570	3568	3570	3568	3570	3568	3570	3568
5141	12976	8116	532	512	1211	15420	3914	9828	9860	9829	9839
14709	14710	14709	14710	14709	14710	14709	14710	7803	14710	7803	10227
7144	2149	12741	6418	4673	5213	525	1220	521	118	9125	11730
15607	15606	15607	15606	15607	15606	15607	15606	15607	15606	15607	15606
16912	2687	13347	1794	449	18023	5465	5421	3579	13410	17249	15278
15126	429	8114	12967	10820	8118	8117	532	9199	5462	5447	1930
25383	14974	7544	5056	14976	5077	7901	15420	37229	17295	17298	17295
40940	40939	40940	40939	40940	40939	40940	40939	40940	40939	40940	40939
4907	4134	1226	484	963	4656	2971	15792	11846	15667	11846	6310
42886	42885	42886	42885	42886	42885	42886	42885	42886	42885	42886	42885
1117	1118	1117	1118	1117	1118	1117	1118	1117	1118	1117	1118
16912	2687	2686	13348	2687	13348	37032	13348	14717	3191	14717	13353
9694	448	9694	1975	5116	3380	1995	795	1973	17460	7685	4872
41689	41688	41689	41688	41689	41688	41689	41688	41689	41688	41689	41688
42172	42171	42172	42171	42172	42171	42172	42171	42172	42171	42172	42171
2739	21573	9430	8749	7059	8460	6402	6403	8561	9597	16839	45058
888	3162	888	264	2774	863	902	2768	4251	2768	13291	5237
32256	32257	32256	32257	32256	32257	32256	32257	32256	32257	32256	32257
15607	15606	15607	15606	15607	15606	15607	15606	15607	15606	15607	15606
5217	6116	6667	12456	1779	712	2696	7935	2811	9552	44305	9552
15465	25537	20251	25535	5566	21044	3373	111	1201	1966	8579	16361
3469	12581	1084	13689	21018	17586	14521	6053	15618	1386	500	13733
13840	32830	13840	32830	13840	32830	13840	32830	13840	32830	13840	32830
40446	40447	40446	40447	40446	40447	40446	40447	40446	40447	40446	40447
42886	42885	42886	42885	42886	42885	42886	42885	42886	42885	42886	42885
46183	46180	9461	45757	9461	45757	9461	9460	8141	9461	46180	46184
4253	15690	4253	4290	4237	273	866	882	910	264	2026	495
42172	42171	42172	42171	42172	42171	42172	42171	42172	42171	42172	42171
5308	5664	14604	5661	14605	5663	14603	2499	273	887	1433	17691
10370	5985	2124	4473	681	246	7955	993	37854	12162	7477	521
22624	12413	6778	14551	12447	23257	2701	2502	18948	18629	3504	117
15767	7080	6980	7075	7066	18498	9937	3820	4706	15961	8036	9986
309	14770	4344	15054	3012	1762	5656	2707	9371	19430	18793	6788
2974	4658	4654	2473	13046	10052	2620	13046	5660	22362	8398	3909
2226	685	2894	498	2255	776	787	784	776	787	5609	6131
42886	42885	42886	42885	42886	42885	42886	42885	42886	42885	42886	42885
1117	1118	1117	1118	1117	1118	1117	1118	1117	1118	1117	1118
257	249	3159	5239	2026	2968	4654	4659	1720	4659	4663	10051
41688	41689	41688	41689	41688	41689	41688	41689	41688	41689	41688	41689
23548	17202	27963	17531	12440	9948	2332	15025	20225	7455	14046	7365
12307	17657	14435	5556	18446	19619	13716	917	919	7884	12068	2824
6773	12789	7450	2589	2895	12439	12430	4919	4572	4918	17378	18770
5415	7950	5398	1908	7892	16161	7510	23402	16161	25547	15575	1918
39590	36107	36108	39552	39551	39552	39551	39552	39551	39552	36107	35738
15607	15606	15607	15606	15607	15606	15607	15606	15607	15606	15607	15606
32052	32020	11315	11314	133	3870	7529	15880	5399	5111	15237	10909
39592	36107	39589	36107	39552	36108	39552	39551	35958	39551	39552	36108
1128	671	673	1127	3152	2766	4663	4242	904	273	4243	888
29914	4832	9	39	477	2854	14600	5666	8293	391	19719	35742
45076	29293	45076	29293	7599	720	4299	7574	2332	5910	13365	33133
16792	5365	5793	12014	17725	12014	11037	11039	26976	11035	11037	6772
42886	42885	42886	42885	42886	42885	42886	42885	42886	42885	42886	42885
12169	687	1648	687	4222	1640	683	1640	1278	4656	2965	13046
41688	41689	41688	41689	41688	41689	41688	41689	41688	41689	41688	41689
50232	45556	50232	45556	50232	45556	50232	45556	50232	45556	50232	45556
12505	12506	12505	12506	12505	12506	12505	2055	2516	4574	3324	3746
28625	1347	1346	1347	1346	1347	1346	1347	1346	1347	1346	1348
2255	2263	2122	1126	4639	4637	4642	4636	1126	2263	2811	7141
23967	13840	32830	13840	32830	13840	32830	13840	32830	13840	32830	13840
17233	2038	2300	542	543	518	1203	1407	1767	1749	1914	14887
48213	48212	48213	48212	48213	48212	48213	48212	48213	48212	48213	48212
5086	21720	3983	35432	18516	17847	18516	12454	21715	21719	7529	32419
43511	39401	43511	39401	43511	39401	43511	39401	43511	39401	36613	25276
114	2440	5740	2440	5740	2440	1894	4090	1894	4090	5916	4225
4785	4085	4781	5308	5307	20523	13046	4552	2261	14481	2261	17334
163	161	173	174	13255	12598	175	13255	12599	13255	12224	183
34705	9431	21540	9431	33564	11242	11241	11242	41142	28859	41142	23604
1117	1118	1117	1118	1117	1118	1117	1118	1117	1118	1117	1118
41689	41688	41689	41688	41689	41688	41689	41688	41689	41688	41689	41688
42172	42171	42172	42171	42172	42171	42172	42171	42172	42171	42172	42171
48091	48089	48091	48089	48091	48090	48091	48089	48091	48090	48091	48090
28937	7980	12593	4818	4245	4237	900	891	858	873	7031	9960
32830	13840	32830	13840	32830	13840	32830	13840	32830	13840	32830	13840
8005	8006	8007	27765	14185	8007	14185	27765	8006	8007	14185	8007
31007	31006	31007	31006	3430	19430	2856	1390	16315	13855	23	12311
15607	15606	15607	15606	15607	15606	15607	15606	15607	15606	15607	15606
18233	12597	4927	28150	4927	173	174	33	659	242	9	1127
556	224	44722	36187	14179	36187	18017	13761	9248	6938	6665	578
44573	44570	44572	44570	44572	44570	44571	44570	44573	44570	44573	44570
242	743	258	248	3131	249	4518	12689	4909	4567	12056	7318
1118	1117	1118	1117	1118	1117	1118	1117	1118	1117	1118	1117
16211	16213	16211	16213	16211	16213	46735	16213	46735	16213	46735	16213
42172	42171	42172	42171	42172	42171	42172	42171	42172	42171	42172	42171
4667	8511	25507	26643	25507	8511	3145	8511	3145	1357	15655	15653
12597	17418	12597	4927	5632	4927	5632	1788	10421	1788	1785	1798
14601	5661	5650	14199	5666	4910	5651	4910	5659	5663	5659	2892
28710	17441	3563	3562	2630	8827	1308	6100	3159	3423	14604	5661
838	209	954	18864	11116	8903	3455	5046	4427	21207	20167	15142
11126	16310	11506	8641	7297	7738	3870	7738	3253	12203	6383	22912
14835	3887	9710	15420	20737	29033	27754	7911	25359	10871	17392	8646
17634	2763	2481	2124	2122	2139	13051	4566	13046	4552	4546	4089
6082	2814	5267	890	14865	882	2997	862	5241	491	6146	12473
41426	44620	41426	29050	41426	44620	41426	44620	41426	44620	41426	44620
2888	4	2958	2957	12164	51	2119	51	2637	2054	2957	11048
41689	41688	41689	41688	41689	41688	41689	41688	41689	41688	41689	41688
4673	1720	4656	4660	1236	1440	490	1724	2935	9366	21834	26226
10016	5335	740	2152	1696	2134	2002	2137	639	1273	170	1129
45124	45123	41549	30607	10254	14966	15237	4299	15232	5449	5111	5083
26565	13747	7196	21071	17371	13072	13735	13746	7481	388	4785	11749
32830	13840	32830	13840	32830	13840	32830	13840	32830	13840	32830	13840
40939	40940	40939	40940	40939	40940	40939	40940	40939	40940	40939	40940
7527	5104	8180	15358	15360	16042	15270	2332	15040	21018	6548	8287
44888	44714	44889	44714	44889	44714	35728	23098	8186	5099	18031	9767
8160	5318	4872	4940	4872	7685	17460	4251	17460	6252	4531	4541
1716	7968	12509	5043	8603	3921	8643	5061	2323	9806	9803	14951
1855	3190	3198	16617	29560	13038	15521	13842	14296	13692	12229	7932
4206	2961	4206	3129	4206	2961	2964	2961	4206	6330	4972	4986
42885	42886	42885	42886	42885	42886	42885	42886	42885	42886	42885	42886
2190	1693	2190	1686	1685	1691	2143	2141	14827	16899	16878	7938
45076	29293	7599	36	32	37	4404	4403	4404	2828	13112	16468
30232	8161	15973	4343	15976	2040	15976	2040	1772	2043	1753	3049
23486	3393	23486	3393	3389	3391	13897	22629	24920	22629	9593	2771
43683	43682	43683	43682	43683	43682	43684	43682	43684	43682	43684	43682
32830	13840	32830	13840	32830	13840	32830	13840	32830	13840	32830	13840
32256	32257	32256	32257	32256	32257	32256	32257	32256	32257	27009	15931
3151	2766	2770	3173	2782	3139	4909	5654	2968	2026	3170	3159
7786	6128	7785	723	579	22771	6154	4549	6158	11230	5050	7336
15933	7236	4101	4732	21327	4071	12293	481	12289	8733	23	127
2759	9970	676	5557	21729	9436	5565	21729	5566	5562	1607	29261
12138	11215	2439	7997	14449	7997	12130	2439	9	358	178	8010
10370	5985	7143	4868	7143	10516	16648	10516	2141	1689	2254	639
14710	14709	14710	14709	14710	7803	14710	14709	14710	7803	10227	4786
17284	17283	17284	17283	17284	17283	17284	17283	17284	17283	17284	23291
7823	214	7823	2241	2810	2155	2812	2442	12719	2831	4679	4772
43684	43682	43684	43682	43684	43682	43684	43682	43684	43682	43684	51134
37839	39034	37839	37838	37839	39034	37839	39034	37839	39034	37839	37838
4942	21653	28151	12168	1305	556	5300	9325	1966	451	640	2835
40939	40940	40939	40940	40939	40940	40939	40940	40939	40940	40939	40940
46068	46065	46069	46065	46068	46065	46069	46065	46066	46065	46069	46065
39590	36107	39591	36107	36108	36107	39588	36107	39590	36107	39592	36107
12516	9404	6287	2403	640	3001	477	1413	1276	30777	14894	14884
3402	21067	963	21067	17732	14943	10331	3588	1181	2916	480	1736
10753	20550	13046	3169	10546	10544	10545	10544	3169	10544	10545	7004
10729	2677	2786	10894	7771	27924	18031	13014	32589	10899	32589	9834
2599	1199	1172	1169	33	163	1187	1234	646	639	1125	539
42886	42885	42886	42885	42886	42885	42886	42885	42886	42885	42886	42885
1117	1118	1117	1118	1117	1118	1117	1118	1117	1118	1117	1118
2694	2242	14604	14600	14604	13828	5651	14198	5657	4909	22939	35286
41688	41689	41688	41689	41688	41689	41688	41689	41688	41689	41688	41689
42171	42172	42171	42172	42171	42172	42171	42172	42171	42172	42171	42172
3570	3568	3570	3568	3570	3568	3570	3568	3570	3568	3570	3568
48606	48607	48606	48607	48606	48607	48606	48607	48606	48607	48606	48607
40939	40940	40939	40940	40939	40940	40939	40940	40939	40940	40939	40940
24511	25013	33761	25013	18934	4735	24728	34654	34655	24728	20380	22503
13097	6850	16622	8072	1158	6297	9007	1846	7884	3252	21614	7270
2883	2881	2882	3206	16916	7068	11228	11229	6968	21331	21328	17587
14710	14709	14710	14709	14710	14709	14710	7803	14710	7803	21666	1561
40940	40939	40940	40939	40940	40939	40940	40939	40940	40939	40940	40939
44305	9552	2812	9552	2812	2150	1154	1039	7145	4621	639	1168
16357	17459	16844	12911	16845	6670	12882	23	527	575	1837	773
32780	8377	15811	2567	3573	18228	4980	21239	4980	5035	8566	7659
43684	43682	43683	43682	43684	43682	43684	43682	43684	43682	43683	43682
42171	42172	42171	42172	42171	42172	42171	42172	42171	42172	42171	42172
2121	2141	2144	16275	2144	2145	305	2152	1689	305	1149	3107
32830	13840	32830	13840	32830	13840	32830	13840	32830	13840	32830	13840
188	169	167	188	185	167	177	188	180	167	169	4046
15607	15606	15607	15606	15607	15606	15607	15606	15607	15606	15607	15606
49284	49285	49284	49285	49284	49285	49284	49285	49284	49285	49284	49286
39590	36107	39592	36107	39590	36107	39588	36107	39591	36107	36031	36033
48260	226	6423	2444	2949	12843	7833	7828	5535	27304	17580	27309
13840	32830	13840	32830	13840	32830	13840	32830	13840	32830	13840	32830
13	15416	15415	3067	3066	4134	4912	23487	4912	39251	4912	33826
2514	1463	7289	1463	1308	13974	1446	510	1434	8579	15100	28811
42886	42885	42886	42885	42886	42885	42886	42885	42886	42885	42886	42885
8394	7070	7075	1929	7075	7540	9858	4374	5116	14095	13465	6942
5384	4600	4473	4607	4473	4724	5373	5704	5511	3816	699	19562
42171	42172	42171	42172	42171	42172	42171	42172	42171	42172	42171	42172
45556	50232	45556	50232	45556	50232	45556	50232	45556	50232	45556	50232
12169	815	5	1646	4503	2072	4702	4704	2788	6707	22201	5571
32830	13840	32830	13840	32830	13840	32830	13840	32830	13840	32830	13840
30985	4303	8117	1924	15297	15299	12642	11892	5386	16024	4183	32857
18044	11662	18040	7492	5665	3139	4071	4909	7410	2974	11973	3139
39034	37839	39034	37839	39034	37839	39034	37839	39034	37839	39034	37839
1888	1894	2440	4776	2440	1894	1888	1893	9121	4088	4045	4087
19106	14654	13840	32830	13840	32830	13840	32830	13840	32830	13840	32830
47819	47818	47819	47818	47819	47818	47819	47818	47819	47818	47819	47818
23421	23424	14608	12789	12790	12762	6775	381	3141	19791	12790	6773
4525	4553	4555	10389	2996	2255	280	118	18906	8541	23	27923
2821	2636	2054	2957	2958	4	2636	8	2640	11258	2957	4854
4927	28150	28149	28150	28149	28150	28149	28150	28149	28150	4927	5383
184	161	176	172	2955	2956	2955	2956	2955	2899	2956	3068
4575	4602	1787	5590	5374	696	5704	4573	4724	4602	4724	5771
3570	3568	3570	3568	3570	3568	3570	3568	3570	3568	3570	3568
1135	451	5692	15886	9039	15646	9043	17443	4081	21070	8380	27257
11	2055	1120	1119	1124	71	2398	1210	3819	3748	5334	9586
15607	15606	15607	15606	15607	15606	15607	15606	15607	15606	15607	15606
39034	37839	39034	37839	39034	37839	39034	37839	39034	37839	39034	37839
7931	8141	251	8141	2135	2122	2155	2126	2332	40085	2332	19908
169	4045	2440	5740	2440	4776	2400	1415	1417	1029	1016	4024
40940	40939	40940	40939	40940	40939	40940	40939	40940	40939	40940	40939
30234	35675	30234	22814	14244	3739	13014	5099	8614	12986	8634	9469
13259	13260	31093	17668	15618	13691	9950	8927	9952	5594	14926	10612
41689	41688	41689	41688	41689	41688	41689	41688	41689	41688	41689	41688
20688	20689	20690	15642	17657	17119	32648	31462	23657	14237	5467	16621
3478	3255	21485	3499	3478	3499	3472	16734	17009	15170	7239	4905
3570	3568	3570	3568	3570	3568	3570	3568	3570	3568	3570	3568
14709	14710	7803	14710	14709	14710	14709	14710	14709	14710	7803	10227
15606	15607	15606	15607	15606	15607	15606	15607	15606	15607	15606	15607
4516	6029	5863	5386	1084	750	1088	96	1435	1590	1194	6121
15855	15856	8620	3620	14070	8634	5125	3628	307	17235	522	12346
4700	5899	5590	5331	4599	1086	14452	4857	11047	6085	6395	23011
40940	40939	40940	40939	40940	40939	40940	40939	40940	40939	40940	40939
741	669	242	2382	712	1296	729	1297	4138	13902	13110	4279
42885	42886	42885	42886	42885	42886	42885	42886	42885	42886	42885	42886
974	735	978	980	968	974	735	973	1281	12753	2380	8228
2157	1131	659	457	1128	1129	666	457	743	2150	2144	2134
42149	22552	21286	37334	37338	21286	3751	1901	9289	9801	21926	21383
42172	42171	42172	42171	42172	42171	42172	42171	42172	42171	42172	42171
48090	48091	48090	48089	48091	48089	48091	48090	48091	48090	48091	48090
329	320	3414	15816	11993	3923	4297	19907	5269	9722	14945	14085
3568	3570	3568	3570	3568	3570	3568	3570	3568	3570	3568	3570
673	657	676	671	261	740	243	1044	7145	4051	7145	903
15606	15607	15606	15607	15606	15607	15606	15607	15606	15607	15606	15607
44573	44570	44571	44570	44573	44570	44572	44570	44573	44570	44571	31185
14767	1380	2016	1080	1096	4919	1754	14770	2111	2572	17346	13415
20441	299	968	974	735	733	732	735	851	977	981	6164
17457	6252	4496	5549	3281	1411	41	38	41	38	43	40789
40940	40939	40940	40939	40940	40939	40940	40939	40940	40939	40940	40939
27619	4701	16563	8613	11231	2674	12560	293	9362	10999	17100	25503
16135	7804	16131	7804	16135	7804	16135	7804	16131	7804	4495	6422
1117	1118	1117	1118	1117	1118	1117	1118	1117	1118	1117	1118
41688	41689	41688	41689	41688	41689	41688	41689	41688	41689	41688	41689
42171	42172	42171	42172	42171	42172	42171	42172	42171	42172	42171	42172
4508	2996	2995	1426	1156	2995	6586	1210	2398	2571	4787	17641
21391	31745	12773	31745	21391	21523	21391	15171	14308	8089	1660	1659
32256	32257	32256	32257	32256	32257	32256	32257	32256	32257	27009	15931
27673	7603	14962	1903	14872	8660	20750	5431	5467	16621	12746	16624
5308	5292	5659	20515	2587	2242	4251	4243	22228	9143	35457	36070
12299	6417	4638	6417	4638	4642	4637	4638	741	669	659	661
3163	5237	1380	2015	2036	3807	23	12882	8291	12563	12561	6316
1232	14480	862	9996	14551	9367	1299	6296	3130	3128	3132	6783
3770	243	6130	676	261	457	676	243	253	742	6418	13720
1117	1118	1117	1118	1117	1118	1117	1118	1117	1118	1117	1118
41688	41689	41688	41689	41688	41689	41688	41689	41688	41689	41688	41689
42172	42171	42172	42171	42172	42171	42172	42171	42172	42171	42172	42171
6135	1040	4247	22362	23403	25531	4250	4290	20812	25726	15261	20833
23178	26283	15207	7038	5912	12118	5912	5355	12291	12019	33666	28801
4654	4661	4671	21029	2974	2965	1720	12686	21329	21236	8554	8550
15606	15607	15606	15607	15606	15607	15606	15607	15606	15607	15606	15607
39034	37839	39034	37839	39034	37839	37838	37839	39034	37839	39034	37839
48089	48091	48090	48091	48090	48089	48091	48090	48091	48090	48089	48091
45796	45795	45794	45793	45797	45795	45796	45793	45794	45793	45797	45795
42885	42886	42885	42886	42885	42886	42885	42886	42885	42886	42885	42886
2770	237	212	237	1771	2036	1555	3300	19497	30805	11606	25497
1177	1179	1174	6060	3009	2263	2121	2134	2121	2144	2141	2161
22403	10034	10029	9313	10018	8109	21719	21717	10284	1420	1087	11464
12635	2777	8350	2781	264	3164	879	14834	2769	2572	13618	712
3569	3568	3570	3568	3570	3568	3570	3568	3570	3568	3570	3568
18420	18129	6672	8579	1966	98	135	124	7125	10191	14308	21966
15607	15606	15607	15606	15607	15606	15607	15606	15607	15606	15607	15606
4727	4741	4753	4740	17812	3859	3858	2177	23	1463	14067	14972
1261	7741	21698	3010	2772	12425	10206	5666	15690	4253	212	14839
