14127	4661	1379	9375	13704	3748	9822	3423	14603	2783	8352	21275
17346	2572	12057	5237	4665	4661	12920	890	858	873	12438	5048
22039	12806	9992	9999	17564	10372	2937	7969	5278	18837	30643	1184
3918	3907	5415	7950	8272	33977	10147	5014	10147	2332	3875	2560
1117	1118	1117	1118	1117	1118	1117	1118	1117	1118	1117	1118
860	873	265	14865	265	4241	4290	212	4237	4247	4240	876
883	22869	883	22869	883	22869	3413	7738	35445	7738	14933	9806
46245	46244	46245	46420	46245	46420	46245	46244	46245	46244	46245	46244
6587	7231	6587	7231	3432	11513	723	11632	10033	11913	28015	28033
254	245	7020	76	11291	76	2590	712	2502	1756	12904	759
2080	1188	776	2255	3786	2255	3786	2255	1577	3783	1578	1576
13691	17854	17047	18228	32789	44485	32789	18228	9433	9139	9438	22459
42284	41115	41114	25712	5302	11121	34729	11121	34729	11121	29450	6942
2770	879	2770	4572	683	7812	8505	6146	6667	1446	6720	11229
262	742	1126	659	1131	668	2493	4485	4490	2493	5783	2493
13840	32830	13840	32830	13840	32830	13840	32830	13840	32830	13840	32830
2955	3068	2956	2955	2956	3068	2955	2956	3068	2955	2956	2899
46065	46068	46065	46066	46065	46069	46065	46068	46065	46066	46065	24062
1118	1117	1118	1117	1118	1117	1118	1117	1118	1117	1118	1117
5566	6545	1023	78	494	25460	494	1711	492	2043	1568	15717
41688	41689	41688	41689	41688	41689	41688	41689	41688	41689	41688	41689
2961	2964	5663	14603	2499	5660	5656	5664	65	3139	12701	14199
38973	35703	32891	1131	659	1130	21719	35633	5096	18467	12970	27220
38159	11993	3868	3888	10682	1047	2436	19653	36477	19653	2304	12185
50232	45556	50232	45556	50232	45556	50232	45556	35493	45555	35493	45556
40651	40517	15844	39207	7771	24038	7771	7071	20865	7893	9219	14893
4515	1149	4851	4678	2073	4678	23	5933	26882	9128	26805	26804
48213	48212	48213	48212	48213	48212	48213	48212	48213	48212	48213	48212
25216	14892	37959	12451	37959	12451	37959	14892	3867	14895	7530	14887
15199	18722	4977	13359	2044	4529	2044	2029	2040	7970	21092	31453
883	22869	3413	7738	8162	30743	2414	7228	1195	37	4404	17358
48871	49773	48871	48870	48871	49773	48871	49774	49773	49774	48871	49774
3172	872	264	2757	4664	4661	4658	4655	1561	1574	1559	16940
2659	258	743	670	1128	660	668	261	232	235	238	243
679	691	679	5244	4497	4582	1752	4071	12289	5355	12291	5355
17283	17284	17283	17284	17283	17284	17283	17284	17283	17284	17283	17284
24724	6331	8584	7581	16998	27908	19151	5268	17385	3532	3357	7673
13523	13522	13523	13522	3772	2824	3772	660	668	2555	10102	7833
4632	4474	2758	3797	488	531	8942	28660	20228	23921	23917	23921
8837	13689	7318	5281	2027	2015	3405	12437	3405	2015	2029	19936
3285	49148	3285	3283	3285	49148	3285	49148	3285	49148	3285	3283
46065	24062	46065	46069	46065	46069	46065	46066	46065	46069	46065	46068
24184	18613	24183	18613	7164	17634	18364	25611	2589	2895	8023	8059
26137	24356	21464	10348	2856	2522	1038	4334	5440	16436	19167	30456
10577	1044	1159	1044	1159	1146	1150	242	1043	9523	76	73
185	161	188	180	185	188	167	161	187	12598	183	174
39552	39551	35958	39551	36107	39589	36107	39590	36107	39588	36107	36108
1117	1118	1117	1118	1117	1118	1117	1118	1117	1118	1117	1118
3566	3561	8776	13103	3139	2920	3139	20	357	20	29469	24980
41688	41689	41688	41689	41688	41689	41688	41689	41688	41689	41688	41689
5335	9305	2126	2124	4473	4600	5374	5025	4852	1096	749	1110
1346	1347	1346	1347	1346	1347	1346	1347	1346	1347	1346	1347
3568	3570	3568	3570	3568	3570	3568	3570	3568	3570	3568	3570
679	261	232	243	6130	5042	6130	243	657	676	7022	23140
15606	15607	15606	15607	15606	15607	15606	15607	15606	15607	15606	15607
9180	17052	12316	2309	3602	3662	11789	3374	8414	7047	19117	313
39551	36107	36108	36107	39589	36107	36108	39552	36107	35738	35445	35447
39684	8418	14210	14832	22375	323	12994	12986	29506	8123	12993	22669
495	1557	1595	2155	2481	2127	2124	772	4473	4575	4424	4702
7786	1833	2226	1833	2477	2143	2141	3107	639	2123	639	1962
4090	1894	2440	4612	5901	5331	6637	3569	5354	2375	2374	2266
19946	26094	29719	7044	5980	7044	5980	14438	25612	15898	37188	21123
28970	20867	25739	12985	1907	5441	8186	3203	5093	8272	15277	37288
9275	5360	691	32925	691	5829	2152	3107	2136	639	6586	3008
14643	3483	21031	8381	12900	1720	963	8936	8597	7119	5085	1212
42172	42171	42172	42171	42172	42171	42172	42171	42172	42171	42172	42171
43373	15818	30079	15820	14874	19469	19495	15574	27118	594	20736	12335
3570	3568	3570	3568	3570	3568	3570	3568	3570	3568	3570	3568
523	3105	2141	3103	2150	1154	2150	3103	4103	3103	1689	2117
4664	2767	2774	212	4243	3159	7007	12539	7451	7007	4483	7015
22080	21176	17728	12687	5085	1592	13870	6366	8290	10999	8402	8436
4799	21330	17400	1898	513	3378	8630	8601	9877	10130	12315	1899
15409	4974	5691	7656	5298	17386	4838	8971	13724	13806	503	10974
12748	870	910	862	9996	2169	13908	7318	3131	3142	3131	5647
20980	11685	12105	269	4518	13040	4069	12289	12290	8733	1789	12923
12904	759	12904	759	2542	2228	4643	2823	685	2823	2228	4645
1117	1118	1117	1118	1117	1118	1117	1118	1117	1118	1117	1118
14723	14724	14723	14725	1666	18018	5558	13706	13255	12598	175	172
20637	14544	14870	4249	880	873	4241	2965	4658	5054	8835	8737
4551	2127	2124	3103	1689	3105	5836	15886	8160	12581	3183	787
42172	42171	42172	42171	42172	42171	42172	42171	42172	42171	42172	42171
8348	872	3163	3159	3166	1380	5241	879	3172	863	7884	25631
14710	14709	14710	7803	14710	14709	14710	7803	10227	8088	6553	5704
6702	10351	2691	17231	1853	2026	3163	211	3152	2785	12621	2055
15606	15607	15606	15607	15606	15607	15606	15607	15606	15607	15606	15607
1639	1304	729	727	729	556	9988	14546	15619	10759	29751	10759
4938	9998	263	243	674	261	676	242	743	3821	10997	3821
13840	32830	13840	32830	13840	32830	13840	32830	13840	32830	13840	32830
2255	498	2255	2263	2122	2155	2126	9285	2297	1900	19523	19405
44113	1728	1598	487	4640	2384	9268	2382	5917	486	2894	13606
14084	14654	27701	10676	7302	2133	11699	9708	23019	2324	14068	3943
683	4572	4915	4947	4562	2333	2332	4823	3825	3464	4186	8091
15806	10435	1307	639	242	5690	13665	8387	33118	21926	16883	9043
10277	9947	9954	10273	9954	13424	3428	7214	16925	4971	6060	8228
51051	51052	51051	51052	51051	51052	48801	51051	17052	9180	21938	20300
3570	3568	3570	3568	3570	3568	3570	3568	3570	3568	3570	3568
453	457	659	261	239	243	674	262	23	10580	2851	14772
16869	2200	1691	1693	2198	1693	1685	1694	1685	1686	1124	71
1123	1120	21984	10018	21554	7414	22118	25786	21716	35493	45555	35493
5036	2677	3635	3982	3991	3605	3593	3579	5077	30232	7772	7774
4325	4332	4325	4075	20812	8594	4300	15822	3929	71	9293	2299
48592	18707	48592	18707	48591	18707	17433	7157	4836	7595	26094	29719
2300	2076	1983	6269	287	2380	2860	2613	447	3747	2727	2332
12900	1720	2968	4659	4750	6640	4661	2965	1720	1379	1754	2170
9220	9222	16539	3884	5415	5138	25226	17236	7522	9324	2175	484
42886	42885	42886	42885	42886	42885	42886	42885	42886	42885	42886	42885
5068	8631	5620	5552	12641	10434	8897	12638	13359	18903	14527	1308
9508	2970	6512	4639	2227	4639	3391	15634	3391	4639	13787	8921
2026	2913	4535	4473	5703	4657	4642	742	253	255	246	253
3570	3568	3570	3568	3570	3568	3570	3568	3570	3568	3570	3568
22698	21672	2970	21672	19602	7959	23242	17504	23242	8148	9143	35457
15607	15606	15607	15606	15607	15606	15607	15606	15607	15606	15607	15606
12196	2812	9552	2811	4661	4665	5237	3170	872	4251	264	2774
4812	4923	6080	4923	2597	4923	1236	7746	7742	25898	7742	9442
11793	8626	3652	3593	3580	3641	532	8117	17882	17883	2707	4981
16849	14728	16877	3802	20727	13	3190	13	3208	13	3212	12938
186	176	2955	2956	3068	2955	2899	2955	2956	3068	2956	3068
42886	42885	42886	42885	42886	42885	42886	42885	42886	42885	42886	42885
5337	1423	1444	3750	5783	3358	5740	2440	1894	2440	2542	759
31859	3488	25989	7068	5743	15793	5284	20351	5568	21381	21380	430
42172	42171	42172	42171	42172	42171	42172	42171	42172	42171	42172	42171
36646	19501	1930	15815	36814	3997	11488	3931	3867	8271	19478	30632
3284	3283	3285	49148	3285	49148	3285	3283	750	7144	2149	3167
3568	3570	3568	3570	3568	3570	3568	3570	3568	3570	3568	3570
15416	13	10	13	15416	15415	3123	3065	3125	3269	3125	43291
18565	22249	12773	4553	5686	5647	5653	21717	10284	20515	14416	15795
795	1984	1429	2074	1128	239	170	161	175	13256	175	191
50742	42789	50741	42789	44714	44889	44714	35728	44714	9443	41366	42789
35306	4297	15238	7906	18216	451	444	447	1694	2163	1694	2218
13840	32830	13840	32830	13840	32830	13840	32830	13840	32830	13840	32830
40446	40447	40446	40447	40446	40447	30037	40447	40446	40447	30037	40447
40270	41426	29050	29174	17927	2393	646	2827	2825	2826	3067	3065
29290	13915	29290	3485	17647	9930	12014	12026	15181	34775	9600	39129
41688	41689	41688	41689	41688	41689	41688	41689	41688	41689	41688	41689
8734	1084	5866	960	3761	960	15886	10312	5758	1080	2399	5393
14709	14710	7803	14710	14709	14710	14709	14710	14709	14710	14709	14710
21572	15229	3248	21571	3248	1591	3247	7884	15263	28132	20751	13469
3568	3570	3568	3570	3568	3570	3568	3570	3568	3570	3568	3570
4703	1129	243	252	261	676	671	6128	1039	1035	1044	1351
19604	10370	3365	9216	11813	24395	10147	35196	1219	9089	1219	1944
15606	15607	15606	15607	15606	15607	15606	15607	15606	15607	15606	15607
271	5240	3173	3163	2785	3168	4572	3173	13802	3173	3159	902
13538	2977	17205	2418	19799	8097	19799	12858	19799	1387	1470	5761
1841	1408	1832	2122	2478	6165	12935	12931	12930	2527	35549	35548
40940	40939	40940	40939	40940	40939	40940	40939	40940	40939	40940	40939
32178	7324	12770	8461	21834	12752	12749	18614	5663	22263	23626	23458
21551	17848	19718	12294	4703	12454	3807	17369	10301	2238	10305	12783
1117	1118	1117	1118	1117	1118	1117	1118	1117	1118	1117	1118
47971	48801	47971	48801	47971	48801	51052	51051	51052	51051	17052	26084
42172	42171	42172	42171	42172	42171	42172	42171	42172	42171	42172	42171
10544	4091	14440	6164	21148	20725	12565	24510	9017	1218	518	105
16213	46735	16213	16211	16213	46735	16213	16211	16213	16211	16213	19207
3568	3570	3568	3570	3568	3570	3568	3570	3568	3570	3568	3570
1174	6638	4027	9508	2776	2781	2766	211	879	5241	1380	8875
12167	12168	2174	4	2636	2906	2636	2906	183	12212	13034	2625
5054	390	427	1261	11035	2968	4658	8937	3401	3403	7209	23
36411	27342	5595	27343	5595	44294	5595	27342	4758	13054	18104	10956
12016	12652	7124	2964	12710	2964	11973	2964	4424	4620	4424	4702
2016	2022	15229	27963	17202	3492	12063	24339	9007	3466	9006	10211
6080	4923	1236	13611	464	2826	3068	2826	3068	2955	2956	191
37839	39034	37839	39034	37839	37838	37839	39034	37839	37838	18742	17951
27575	17147	2772	15746	2776	863	879	872	876	237	876	2782
26334	3880	10678	16803	16249	32297	7771	19824	3595	5093	5097	8615
42172	42171	42172	42171	42172	42171	42172	42171	42172	42171	42172	42171
2743	19409	12069	3431	875	916	882	901	880	899	260	1150
30943	21239	727	729	3019	477	1426	2758	212	3172	212	4243
32830	13840	32830	13840	32830	13840	32830	13840	32830	13840	32830	13840
39589	36107	39588	36107	39590	36107	39589	36107	39551	39552	36107	39590
15606	15607	15606	15607	15606	15607	15606	15607	15606	15607	15606	15607
11291	9523	5649	9523	11291	3441	6860	3441	12432	13922	10024	9644
48607	48606	48607	32472	48607	48606	48607	48606	48607	32472	22586	2745
9061	1853	4640	3014	2384	1287	9379	1287	6511	503	37288	7717
13840	32830	13840	32830	13840	32830	13840	32830	13840	32830	13840	32830
12168	28151	21653	28151	21653	28151	1767	3009	2149	4673	4661	2785
42885	42886	42885	42886	42885	42886	42885	42886	42885	42886	42885	42886
49148	3285	49148	3285	49148	3285	49148	3285	49148	3285	3283	3284
6673	7036	7795	19799	12442	10753	19427	5321	6806	8842	5282	7685
41688	41689	41688	41689	41688	41689	41688	41689	41688	41689	41688	41689
42172	42171	42172	42171	42172	42171	42172	42171	42172	42171	42172	42171
2899	2955	2956	2955	3068	2956	2899	2955	3068	15437	9	7615
2484	2121	2141	2144	2141	2117	2139	14404	2139	2117	2133	9723
3570	3568	3570	3568	3570	3568	3570	3568	3570	3568	3570	3568
32256	32257	32256	32257	32256	32257	32256	32257	32256	32257	27009	14344
2767	6509	2772	13048	10019	1440	28402	28401	28402	28401	28402	28401
4638	4642	4657	5849	4834	5590	4598	5031	5737	2148	4584	19004
1074	3190	13842	6165	10023	13837	16485	12928	12925	7206	4905	5201
16908	3162	866	901	903	750	4472	1081	5333	8772	13706	13255
38421	4061	16633	18859	16633	17539	10633	4617	10633	4823	7985	38312
3796	171	4851	4932	4562	2333	2332	6310	13637	7668	10103	16795
28149	28150	28149	28150	4927	12224	173	4927	173	174	13255	7341
8367	2442	8367	2441	5740	2440	4045	4088	4632	4474	2758	9473
1118	1117	1118	1117	1118	1117	1118	1117	1118	1117	1118	1117
41689	41688	41689	41688	41689	41688	41689	41688	41689	41688	41689	41688
869	4213	11283	5616	14477	5616	12637	13853	6593	15047	6593	25490
24627	8901	22031	2892	12112	6726	21721	6726	6316	18041	6865	24312
36597	19500	7529	7950	13410	3870	14872	3931	1211	4695	4709	1588
3570	3568	3570	3568	3570	3568	3570	3568	3570	3568	3570	3568
21187	13072	13745	6970	15617	9990	10001	17379	17531	676	669	4657
15606	15607	15606	15607	15606	15607	15606	15607	15606	15607	15606	15607
13361	13360	3163	5239	21565	13046	20523	5657	5654	4137	527	23
4067	4069	12292	12689	12292	4909	12689	12291	4070	8733	23	8570
2974	14198	14201	2499	2596	2783	21868	35641	21868	8342	16223	18932
40940	40939	40940	40939	40940	40939	40940	40939	40940	40939	40940	40939
2583	233	2589	7329	12762	4349	5352	879	21435	643	2967	11510
28329	11029	14785	15386	25346	25656	15844	38556	15844	23387	30734	31277
1118	1117	1118	1117	1118	1117	1118	1117	1118	1117	1118	1117
24123	1193	10891	4940	7083	13182	15272	7079	1463	9955	20211	8058
41688	41689	41688	41689	41688	41689	41688	41689	41688	41689	41688	41689
172	174	13255	12599	173	4927	28150	28149	28150	28149	28150	28149
972	973	980	978	4055	973	978	4055	973	736	12160	1900
6401	6402	5837	13033	2573	1208	2572	1412	5328	6100	4742	5246
7306	3131	7059	2148	5737	5703	6419	2133	11698	9722	7301	16834
23967	13840	32830	13840	32830	13840	32830	13840	32830	13840	32830	13840
5383	4927	4811	668	671	673	671	6128	7782	6128	7786	6128
37895	29494	3595	16540	15856	15855	15856	18498	8398	12214	23379	17756
10821	8185	5102	5089	11810	11317	35559	8148	16144	32300	16144	12513
8	1	20	23	4638	742	2823	742	5703	6416	5703	4657
11626	10273	4967	10273	10277	2258	2996	2259	3266	725	499	2895
1845	1829	1436	16942	1845	1408	1853	28017	1853	2412	358	3679
39589	36107	39551	35958	39551	36107	39551	36107	39588	36107	39589	36107
3625	3580	3591	2337	27701	14654	13840	32830	13840	32830	13840	32830
13050	277	13047	13049	13051	13050	7413	13051	13047	277	7823	9566
42886	42885	42886	42885	42886	42885	42886	42885	42886	42885	42886	42885
17401	12120	3105	4700	434	8088	31528	15309	36452	1777	14038	14042
4424	4575	1787	5332	5590	6031	2308	1137	27840	12381	1538	3276
35703	38973	35703	38973	35703	32891	35703	32891	1131	32820	22695	20708
8180	22236	8607	3617	22739	3631	36409	26858	17267	25217	22739	22740
7937	752	2155	2238	10302	2261	2155	2143	1691	5829	1694	5841
46068	46065	46066	46065	46069	46065	46069	46065	46066	46065	46068	40609
32830	13840	32830	13840	32830	13840	32830	13840	32830	13840	32830	13840
18795	9522	5688	242	4546	4089	4546	4089	13323	3252	3259	21491
40939	40940	40939	40940	40939	40940	40939	40940	40939	40940	40939	40940
3859	9952	8927	6432	3017	6432	21951	17728	4344	309	1637	11
733	735	976	735	978	851	977	972	974	735	736	5462
3106	13523	2824	3772	980	973	968	978	974	973	4035	21752
23473	4733	21787	11452	6448	6720	15791	6318	9971	18516	6867	18152
2863	639	777	12884	777	6031	2725	2392	2728	2392	2726	3574
1117	1118	1117	1118	1117	1118	1117	1118	1117	1118	1117	1118
35735	26469	35734	26469	8757	13036	26471	2527	13841	12843	1851	5944
28086	20960	31839	17355	24323	30486	12723	30486	11229	11228	7068	35312
29000	29001	28606	22852	29212	22852	29347	2976	2977	1004	16259	40267
34146	35774	8275	30627	9726	8273	13249	13246	13248	7531	21198	6505
25390	28350	14083	10812	9215	6635	19606	13462	1902	14082	6261	3596
18857	8360	18857	8360	6637	3569	3568	3570	3568	3570	3568	3570
1553	1554	4120	18131	8363	20036	12930	13121	10358	5591	10362	10366
27174	46208	27174	46208	27174	46208	27174	46208	27174	46208	27174	46208
40939	40940	40939	40940	40939	40940	40939	40940	40939	40940	40939	40940
14961	11489	19755	2278	11795	30760	28856	9715	2133	11699	5408	5501
20650	21721	5653	5663	4910	9511	10580	9304	9551	9304	2477	9305
658	243	657	660	243	239	252	261	666	261	232	253
4670	245	60	58	63	58	62	2228	12299	692	2377	9947
5382	1086	5333	5754	2997	260	905	882	887	901	890	25832
4977	17371	4822	5284	5568	15793	4673	862	9996	14551	9996	1463
37839	39034	37839	39034	37839	39034	37839	37838	18742	37838	18742	17951
15975	27953	47479	27953	47479	27953	47478	42719	27953	47479	27953	15975
16590	16589	16590	16588	16589	16590	16589	16590	16589	16590	16588	16591
22	1637	39	2839	821	2957	4852	903	2376	3103	2376	1689
11597	4489	1249	3326	21614	14544	15665	13924	3874	22870	5462	7503
3570	3568	3570	3568	3570	3568	3570	3568	3570	3568	3570	3568
28150	28149	28150	4927	28150	28149	28150	28149	28150	4927	173	12597
21508	6850	13097	6850	13097	6850	25033	6850	6809	2045	2021	67
15606	15607	15606	15607	15606	15607	15606	15607	15606	15607	15606	15607
33153	42179	33153	39612	37632	39612	39602	36030	35377	36110	35475	35719
18480	14891	8409	15580	3602	3646	19515	20783	8885	3910	3842	3866
35507	13099	13097	13099	13036	8757	8091	25853	17843	5312	4781	4085
26317	920	6418	2226	6416	2226	4637	4639	3391	15634	12057	25040
4252	7233	882	892	882	7233	18381	9366	21833	265	4235	4265
39590	36107	39551	36107	39592	36107	26749	36107	39592	36107	39590	36107
13597	10607	8865	13357	5355	481	12292	9508	2772	13048	7199	23459
17423	15615	15689	309	5837	3180	131	592	102	111	3429	22202
1831	8971	295	8555	11557	10999	10063	298	16282	13868	28228	31711
32830	13840	32830	13840	32830	13840	32830	13840	32830	13840	32830	13840
40939	40940	40939	40940	40939	40940	40939	40940	40939	40940	40939	40940
46067	46065	46069	46065	46066	46065	46066	46065	46069	46065	46069	46065
13840	32830	13840	32830	13840	32830	13840	32830	13840	32830	13840	32830
44572	44570	44573	44570	44573	44570	44572	44570	44573	44570	44572	44570
47479	27953	47478	42719	27953	15975	4343	15973	17386	3383	3253	3383
12693	481	4069	4067	4055	973	1537	973	980	970	3800	44346
1118	1117	1118	1117	1118	1117	1118	1117	1118	1117	1118	1117
10206	12700	2892	14196	2892	14197	12632	20385	16248	10988	10989	19525
41688	41689	41688	41689	41688	41689	41688	41689	41688	41689	41688	41689
42172	42171	42172	42171	42172	42171	42172	42171	42172	42171	42172	42171
20227	20229	20227	13075	30982	19601	4557	21926	21055	25924	22144	13070
2149	20981	5559	4855	4300	7507	126	5103	3610	10147	5033	10146
32830	13840	32830	13840	32830	13840	32830	13840	32830	13840	32830	13840
4536	21243	5062	5451	307	5091	12178	14664	133	15815	4298	4310
22533	13363	928	8088	31528	21381	1158	2967	3183	10107	10101	17942
32891	1131	26095	1131	261	457	238	236	243	660	3771	3776
15606	15607	15606	15607	15606	15607	15606	15607	15606	15607	15606	15607
