5251	4729	23	1305	1456	1305	714	1770	1125	457	669	278
40447	40446	40447	40446	40447	40446	40447	40446	40447	40446	40447	30037
5690	242	248	667	5267	890	901	890	910	926	72	12753
42885	42886	42885	42886	42885	42886	42885	42886	42885	42886	42885	42886
41688	41689	41688	41689	41688	41689	41688	41689	41688	41689	41688	41689
42172	42171	42172	42171	42172	42171	42172	42171	42172	42171	42172	42171
435	8397	22664	3896	27328	21234	9431	21563	12946	12948	12837	12848
23967	13840	32830	13840	32830	13840	32830	13840	32830	13840	32830	13840
4637	4638	2227	2224	2228	12299	685	2228	4638	685	4638	6420
15607	15606	15607	15606	15607	15606	15607	15606	15607	15606	15607	15606
2262	2120	2262	2151	991	678	682	6265	6317	359	6727	6725
27163	15382	8598	2305	1041	9091	3365	5407	2319	29031	7586	1734
40414	3924	3923	3912	15816	15821	11990	2315	3365	451	41	2442
639	673	666	657	659	1131	26095	22106	26095	6379	75	9662
15965	24076	15965	264	2783	1420	11915	501	2182	501	24235	22998
42886	42885	42886	42885	42886	42885	42886	42885	42886	42885	42886	42885
4580	3806	4901	5560	15833	2691	15833	5560	5299	8249	6052	1085
3285	3283	3285	3283	750	7143	2481	2475	1832	1852	9824	1832
42171	42172	42171	42172	42171	42172	42171	42172	42171	42172	42171	42172
14748	9994	9993	5074	20944	15718	24356	21464	24356	21464	12704	7314
32891	35703	38973	38972	38973	38972	38973	35703	32891	35703	130	35705
32830	13840	32830	13840	32830	13840	32830	13840	32830	13840	32830	13840
455	698	455	458	464	13609	13610	13609	464	2826	2899	476
15606	15607	15606	15607	15606	15607	15606	15607	15606	15607	15606	15607
12598	13255	15411	7780	13348	7780	13348	7522	7528	7522	14616	1733
35319	2615	2611	2387	1721	1175	2508	1175	1724	2967	19794	30096
13840	32830	13840	32830	13840	32830	13840	32830	13840	32830	13840	32830
49773	48871	49774	48871	49773	48871	49773	48871	49774	48871	48870	48871
13904	13031	4518	242	5690	242	2096	5333	2665	11081	14106	3639
29333	4350	3575	2692	2767	5352	2588	2757	2769	72	926	12716
42885	42886	42885	42886	42885	42886	42885	42886	42885	42886	42885	42886
1129	669	670	2821	2823	2821	2636	1199	2639	1199	2054	2908
6740	2441	774	521	137	115	128	96	117	126	25197	25254
17039	2916	12626	4919	4665	4750	4661	1596	3499	6809	3500	3520
41688	41689	41688	41689	41688	41689	41688	41689	41688	41689	41688	41689
42171	42172	42171	42172	42171	42172	42171	42172	42171	42172	42171	42172
851	978	980	970	968	978	980	981	6164	8659	10212	12576
3570	3568	3570	3568	3570	3568	3570	3568	3570	3568	3570	3568
14765	5195	5606	7294	5606	7294	5606	2400	2564	2400	1201	6127
15606	15607	15606	15607	15606	15607	15606	15607	15606	15607	15606	15607
17397	9316	10990	11596	11594	11595	17493	24836	17506	17494	17492	18574
39590	36107	39588	36107	39590	36107	39592	36107	39591	36107	39551	39553
16035	3067	3123	641	178	6298	21518	21719	21718	21719	16144	3975
40577	31601	7166	7209	23	3469	1294	15931	25610	3184	11503	13747
4891	2016	4691	6762	13548	6596	4258	4235	4256	4290	7527	20803
42885	42886	42885	42886	42885	42886	42885	42886	42885	42886	42885	42886
5690	13665	381	7454	17130	3574	13328	1203	1407	1752	4069	684
6152	8074	7910	2332	3159	4503	666	676	9688	9275	9688	11310
42171	42172	42171	42172	42171	42172	42171	42172	42171	42172	42171	42172
3569	3568	3570	3568	3570	3568	3570	3568	3570	3568	3570	3568
48607	48606	48607	48606	48607	48606	48607	48606	48607	48606	48607	32472
40939	40940	40939	40940	40939	40940	40939	40940	40939	40940	40939	40940
12104	12101	12102	7309	12102	12103	12102	12106	22551	25005	14534	23603
12258	15839	541	525	88	536	1222	2182	1717	1711	492	2047
330	18216	311	317	788	358	1914	5451	3537	3431	3537	3431
13840	32830	13840	32830	13840	32830	13840	32830	13840	32830	13840	32830
22233	18949	30036	14643	12061	30037	40447	40446	40447	40446	40447	30037
25531	4250	4243	212	4256	265	4251	904	3010	2168	2856	17998
42885	42886	42885	42886	42885	42886	42885	42886	42885	42886	42885	42886
7155	17377	7155	6394	4652	3745	3358	3242	6987	3242	6985	10727
46332	23660	46332	23660	46332	23660	46332	23660	3978	23660	46332	16627
975	6776	975	980	977	968	981	979	13704	17586	4729	17626
13631	6537	2824	3772	980	978	4055	973	4035	1182	6167	3020
35163	32823	35163	32823	10808	761	5298	17386	4838	667	1351	1352
37016	11813	317	2335	10682	3921	3537	18040	3532	18045	18043	2577
32830	13840	32830	13840	32830	13840	32830	13840	32830	13840	32830	13840
15606	15607	15606	15607	15606	15607	15606	15607	15606	15607	15606	15607
4733	5247	5250	12057	3164	3170	2782	3157	2766	3159	3164	21723
7680	5792	8577	3540	1420	11914	8404	18864	8555	12561	12563	6892
31750	6546	3277	14816	17076	14816	3277	14816	8597	6758	13906	24109
5661	14604	14603	2783	10186	13121	10364	13121	7741	37188	9949	20904
21478	12195	12194	2957	2958	18	970	980	979	8843	6310	23
42885	42886	42885	42886	42885	42886	42885	42886	42885	42886	42885	42886
43511	39401	43511	39401	43511	39401	36613	25215	1931	7052	12315	10958
490	5738	6740	17390	8611	13118	16653	15925	6332	13466	13854	1384
36107	39591	36107	39592	36107	39589	36107	39591	36107	39589	36107	36108
19186	4071	14198	5651	4910	5663	5651	2499	5661	874	14194	2656
2169	22428	2169	1722	1222	2179	3451	3450	540	8910	2555	6533
3570	3568	3570	3568	3570	3568	3570	3568	3570	3568	3570	3568
1172	2626	1172	2627	1177	1169	1174	2759	2201	3203	36381	7957
40939	40940	40939	40940	40939	40940	40939	40940	40939	40940	40939	40940
2933	1391	3809	35165	14753	11668	11667	25523	4247	10293	13867	31719
9061	451	5091	2338	19842	17589	14549	1905	7506	3380	9939	23770
36108	36107	39591	36107	39594	36107	36108	39552	36108	36107	39552	39551
29000	29001	29000	29001	29000	29001	29000	29001	29000	29001	28606	14703
26137	29946	14999	9130	36180	36178	1218	575	19982	7059	100	1445
24162	14419	12790	12789	10392	27251	8094	49894	8094	8095	14435	17907
42886	42885	42886	42885	42886	42885	42886	42885	42886	42885	42886	42885
33423	32978	33423	790	3368	4895	517	1201	525	6120	782	536
41688	41689	41688	41689	41688	41689	41688	41689	41688	41689	41688	41689
42171	42172	42171	42172	42171	42172	42171	42172	42171	42172	42171	42172
7672	26095	29733	30289	17954	30286	17954	18879	8549	8897	8901	8837
2040	12841	12831	12618	12840	26512	20638	15520	6165	12945	16485	6766
14654	13840	32830	13840	32830	13840	32830	13840	32830	13840	32830	13840
12854	2780	13359	6724	4119	12517	7442	12057	15634	15635	15636	15637
173	12597	173	174	12599	10044	15204	2315	3924	3893	3891	15368
3801	735	1280	980	979	3159	5240	3173	22361	22362	4247	4334
13840	32830	13840	32830	13840	32830	13840	32830	13840	32830	13840	32830
14920	23875	6857	6840	1798	14608	22924	16655	8069	1299	2027	481
4090	4045	1894	4090	4045	2440	4776	4589	2044	1463	1967	13367
9551	9304	9551	9304	1833	7786	6128	5704	6547	23672	3170	3159
1117	1118	1117	1118	1117	1118	1117	1118	1117	1118	1117	1118
26513	15258	11017	26308	26173	11019	24115	24112	12006	2029	2027	1305
41689	41688	41689	41688	41689	41688	41689	41688	41689	41688	41689	41688
42171	42172	42171	42172	42171	42172	42171	42172	42171	42172	42171	42172
45556	50232	45556	50232	45556	50232	45556	35493	10410	6670	6677	9455
45796	45797	45795	45794	45793	45797	45796	45797	45795	45797	45795	45797
9046	11507	26655	8406	94	8415	14235	5453	8604	9871	8422	25817
29000	29001	28606	29001	29000	29001	29000	29001	28606	27891	12927	15497
19814	5815	14306	15144	11013	7022	11695	9803	3599	11795	3908	17187
51051	51052	48801	47971	48801	51052	51051	51052	48801	17052	17044	17053
1317	1137	639	821	5	22	1643	4222	1640	814	5	2056
2924	476	2899	2955	2899	2956	2899	2826	2899	2955	2956	13252
49148	3285	49148	3285	3283	3285	3283	3284	3283	3285	49148	3285
1772	2040	1772	1191	1209	4506	7997	12132	2439	12130	2439	1709
1118	1117	1118	1117	1118	1117	1118	1117	1118	1117	1118	1117
5612	2295	4923	6080	4923	6080	4923	1236	5849	4657	4642	4644
41688	41689	41688	41689	41688	41689	41688	41689	41688	41689	41688	41689
17418	12597	4927	28150	28149	28150	28149	28150	28149	28150	28149	28150
40231	37229	40231	37229	40231	37229	24540	10897	9197	35205	8182	21477
5986	8311	1787	1278	4520	4682	13439	1435	512	1203	13327	1203
48606	48607	48606	48607	48606	48607	48606	48607	48606	48607	48606	48607
15607	15606	15607	15606	15607	15606	15607	15606	15607	15606	15607	15606
322	330	322	327	22378	15310	22378	13099	15232	22374	2322	6226
2518	1444	1406	165	2408	15436	4088	4045	1894	2440	5740	5531
8139	4616	8497	11842	12544	14527	9984	17562	2926	13673	9175	13952
10552	14806	14804	14805	14804	12835	12924	12836	12945	15172	12945	13548
40940	40939	40940	40939	40940	40939	40940	40939	40940	40939	40940	40939
30290	4098	30288	30290	4098	3531	7010	11972	14095	5423	1463	150
22268	1565	22267	1565	15791	1565	9951	4738	13691	11510	13691	1181
1118	1117	1118	1117	1118	1117	1118	1117	1118	1117	1118	1117
20689	3122	3065	3123	3066	5740	2440	1894	1888	1889	1895	14735
42172	42171	42172	42171	42172	42171	42172	42171	42172	42171	42172	42171
40091	2332	5088	7517	1047	4326	5440	4334	2436	7517	3870	7517
28625	1347	1346	1347	1346	1347	1346	1347	1346	1347	1346	1347
739	658	242	668	1131	32820	12835	6760	13380	13378	6948	13399
6278	6076	2514	4574	4907	4902	4582	4515	1412	5328	14168	24269
873	2768	13291	5237	3152	3159	668	676	671	261	457	665
40939	40940	40939	40940	40939	40940	40939	40940	40939	40940	40939	40940
13922	7036	8462	31948	3992	3869	3930	3910	15273	7079	13182	15290
2725	2392	2390	2394	3572	2394	23	25989	5743	7063	15511	14515
16996	2956	2955	2956	16996	2956	13252	2956	13252	2956	2955	2956
6416	2097	2823	685	4638	685	4638	2228	2542	4424	4620	170
6942	17189	17586	8507	17370	8096	380	14345	26128	6739	8287	20079
3286	3288	3286	3288	9402	3305	3298	781	3296	3301	2868	51446
41689	41688	41689	41688	41689	41688	41689	41688	41689	41688	41689	41688
836	165	2399	5382	4347	12232	12239	589	431	114	116	6633
47479	27953	47478	27953	15975	4343	23	4330	254	4330	4329	17262
32830	13840	32830	13840	32830	13840	32830	13840	32830	13840	32830	13840
969	111	1201	4597	4607	1693	1685	1690	5000	1690	2141	12625
15607	15606	15607	15606	15607	15606	15607	15606	15607	15606	15607	15606
18066	13717	1846	7884	3500	12068	3243	12072	22571	8293	391	24182
8074	14874	3413	22869	3413	11314	15838	11314	3374	11314	11259	7743
14709	14710	14709	14710	7803	14710	14709	14710	7803	21666	17124	11145
27681	14214	3901	3924	3912	15816	3918	7504	14973	20868	29901	24329
13840	32830	13840	32830	13840	32830	13840	32830	13840	32830	13840	32830
40940	40939	40940	40939	40940	40939	40940	40939	40940	40939	40940	40939
49148	3285	49148	3285	3283	3284	3283	3285	49148	3285	49148	3285
42885	42886	42885	42886	42885	42886	42885	42886	42885	42886	42885	42886
6419	5703	6418	4638	2226	4637	4642	12143	4642	1126	3008	1126
43373	15818	16192	15955	2948	4077	5326	2316	2385	1717	2998	2865
1774	779	14895	45693	20738	45693	45694	45693	20738	1908	1749	1946
2588	3172	15028	2774	4258	2774	14834	2774	2776	265	867	2850
7803	14710	14709	14710	7803	14710	14709	14710	14709	14710	14709	14710
3568	3570	3568	3570	3568	3570	3568	3570	3568	3570	3568	3570
15087	15083	2907	2636	2821	2636	2821	2824	3772	13522	2824	16922
5110	9946	9953	9956	20926	30486	24323	19099	12464	4696	5514	16556
35774	21719	21721	21720	1130	539	2414	41	2450	41	14757	1330
8283	7198	21018	6543	21072	3166	17371	21072	7682	21072	6543	26783
38910	38912	38910	38911	29050	29174	19749	7911	9184	5061	27754	32220
4247	12771	4247	273	4249	265	4567	4656	2971	17369	21170	18576
41292	39015	41292	39015	19167	3365	1041	9192	5400	2332	30300	2332
42900	40643	42900	40643	39043	30303	2816	7493	2816	2326	5091	33246
1118	1117	1118	1117	1118	1117	1118	1117	1118	1117	1118	1117
3014	9268	2853	2613	2260	2166	3015	2895	4392	9277	8547	19210
3377	11538	30399	3986	1902	22282	2314	3921	19855	8594	20815	2560
4027	2581	233	2591	233	232	264	879	3164	5237	5240	3165
734	736	978	968	980	1280	972	977	735	979	16630	21716
14654	13840	32830	13840	32830	13840	32830	13840	32830	13840	32830	13840
8510	4782	2234	35	2234	6569	2234	35	32	34	4018	4022
15606	15607	15606	15607	15606	15607	15606	15607	15606	15607	15606	15607
8109	4567	4656	2974	2182	501	13978	12655	5656	5654	10206	6296
16589	16590	16588	16589	16590	16589	16595	16617	3198	1004	14177	6447
29200	17930	8971	4200	15251	18552	18011	2692	1121	19427	17568	14521
2481	2763	4811	4927	28150	28149	28150	28149	28150	4927	4811	2512
39589	36107	36108	36107	39592	36107	39594	16313	8293	8563	11852	6505
35738	8292	16784	18342	3573	12911	12904	12907	12912	7949	10679	36453
6759	15792	1555	1564	14130	5048	5140	19799	12858	2997	10994	8176
34283	25163	33910	7226	7217	5576	21879	15075	18192	5853	21236	2977
12628	4909	5654	65	13283	65	5658	5651	13828	5651	3423	5402
4266	4271	14551	9369	15997	33133	15997	15616	15997	2864	13618	2864
2140	2117	2133	7519	9721	17118	9946	1916	14974	7544	3933	15234
4242	4245	2588	8355	2757	8350	2776	265	860	873	4241	23009
3203	2201	2773	5845	640	2403	6287	4693	6871	20250	5559	21729
40939	40940	40939	40940	40939	40940	40939	40940	40939	40940	40939	40940
7452	18313	10184	16655	27761	906	20950	1596	1232	14472	917	14493
43730	50813	43730	30327	30326	30327	36370	34830	34831	5462	30605	15769
28029	8904	8834	8904	13864	540	23405	8741	9441	9139	5613	8961
10312	5204	13671	265	13289	879	3168	8629	8414	13013	4382	29206
21886	68	2769	2596	2783	5661	5659	14194	5661	276	2851	14772
42886	42885	42886	42885	42886	42885	42886	42885	42886	42885	42886	42885
41909	23787	41909	23787	14508	44358	14508	14506	14006	6161	4749	12953
4045	1894	4090	5916	5909	878	14549	19842	14549	10295	10438	8819
42171	42172	42171	42172	42171	42172	42171	42172	42171	42172	42171	42172
3374	15300	8129	28461	23315	20788	5132	8657	2038	7906	20850	14965
16998	7403	5066	911	4999	2861	2260	1728	1313	6287	1313	6321
3568	3570	3568	3570	3568	3570	3568	3570	3568	3570	3568	3570
9755	17327	2241	750	4472	4601	242	2475	2124	2811	2124	2143
1081	1084	13689	22874	4299	4302	16248	23124	3917	9089	5102	5116
15606	15607	15606	15607	15606	15607	15606	15607	15606	15607	15606	15607
12143	4642	12143	4642	6418	685	740	3152	2785	3168	2782	3154
4566	12505	2055	2054	2957	2174	12167	10724	5850	4834	5854	5861
12164	51	2054	512	511	1973	1559	1973	1922	1219	16162	9838
9522	18795	18792	18795	263	2782	3168	4290	20812	9319	5146	3909
1118	1117	1118	1117	1118	1117	1118	1117	1118	1117	1118	1117
41688	41689	41688	41689	41688	41689	41688	41689	41688	41689	41688	41689
42172	42171	42172	42171	42172	42171	42172	42171	42172	42171	42172	42171
8936	14141	8936	9188	878	921	7336	877	14380	903	877	1181
22281	31756	23973	17882	17883	14442	24460	3588	23189	4140	2098	2219
3568	3570	3568	3570	3568	3570	3568	3570	3568	3570	3568	3570
9567	7206	12951	6762	16618	12836	12942	12839	14179	28642	7745	7751
3067	2826	3068	2955	2956	2955	2899	2954	3318	3320	3318	3321
426	8161	8097	9377	4706	6871	20250	17555	22692	2768	876	879
32891	1131	1129	457	743	457	743	1125	639	239	278	9306
1920	9883	1901	9289	2323	8643	26372	1909	8074	14975	2312	14975
13840	32830	13840	32830	13840	32830	13840	32830	13840	32830	13840	32830
48871	48870	48871	49774	48871	49774	49773	48871	49774	48871	48870	48872
35923	25005	3983	21720	5653	12701	3139	11973	271	7410	271	7410
46420	46245	46244	46245	46244	46245	35641	46245	46244	46245	35641	46245
2929	2783	2778	2766	3152	2766	3159	3166	879	14834	4663	9531
41689	41688	41689	41688	41689	41688	41689	41688	41689	41688	41689	41688
39116	3258	39116	3258	875	3247	15636	15635	15636	14642	894	2053
42171	42172	42171	42172	42171	42172	42171	42172	42171	42172	42171	42172
23387	8130	2331	19167	37913	15240	12065	33333	12065	28701	15140	20947
3569	3568	3570	3568	3570	3568	3570	3568	3570	3568	3570	3568
1974	18215	1974	29535	24870	27673	24870	15766	5013	8629	12316	14673
16447	3542	3528	3542	3528	3542	3536	7891	10991	5396	4327	4304
33473	13558	33473	35671	29130	35671	5603	7443	6726	6728	287	4714
4256	4235	899	13108	4245	10372	2937	2923	1295	7974	12547	3965
1891	17346	17351	17346	2572	1412	3082	1412	3082	1413	7658	10119
12772	12771	14417	13076	13075	8379	21523	5237	5045	3152	5240	3159
8943	3252	3499	21539	3494	3478	3499	6809	3499	1596	863	2781
5383	16424	16	683	6	1645	17	18	11	1237	7	13421
634	9	850	736	1280	735	3801	168	3801	3116	28659	3116
42886	42885	42886	42885	42886	42885	42886	42885	42886	42885	42886	42885
17438	1118	1117	1118	1117	1118	1117	1118	1117	1118	1117	1118
1127	633	1127	2440	5740	2440	1894	3070	211	2774	13568	377
9252	9246	9250	12635	9250	12635	7522	12629	8932	12628	4919	1109
12195	13038	18949	25564	30036	14643	30036	25025	30036	25025	5565	18470
9551	9304	9551	9304	1833	2812	2151	2262	2124	9357	2126	9305
46067	46065	46069	46065	46068	46065	46069	46065	24062	15616	5300	13072
14840	2197	12689	2197	2163	2154	2057	20812	4075	1212	1193	28351
40939	40940	40939	40940	40939	40940	40939	40940	40939	40940	40939	40940
62	58	59	58	59	58	59	58	59	58	63	3360
4492	5529	4492	1753	81	79	1556	5012	1556	5012	3627	3615
13840	32830	13840	32830	13840	32830	13840	32830	13840	32830	13840	32830
42886	42885	42886	42885	42886	42885	42886	42885	42886	42885	42886	42885
48607	48606	48607	48606	48607	48606	48607	48606	48607	32472	22588	15170
1296	14600	2587	2242	5661	17005	19964	22570	360	20515	21907	13124
33720	37508	45625	37508	45625	37508	45625	37508	9017	29315	13598	13599
42171	42172	42171	42172	42171	42172	42171	42172	42171	42172	42171	42172
4812	5612	4812	5612	4812	4923	2597	12851	2478	16988	2478	16990
3570	3568	3570	3568	3570	3568	3570	3568	3570	3568	3570	3568
2821	670	674	673	660	1129	742	4642	4636	692	2704	1311
51051	48801	47971	48801	51052	51051	48801	51052	51051	51052	48801	47971
39460	39462	39460	39462	39460	39462	39460	39462	39460	39462	39460	35716
4656	4660	4656	963	2968	4665	5237	3009	2260	2263	2255	3000
40940	40939	40940	40939	40940	40939	40940	40939	40940	40939	40940	40939
44573	44570	44573	44570	44572	44570	44573	44570	44572	44570	44573	44570
12889	3000	2259	1755	2259	1083	5386	2399	5378	14746	14749	28097
14710	14709	14710	14709	14710	14709	14710	14709	14710	7803	14710	7803
13513	458	9511	3365	9423	18948	2587	2581	2587	911	5066	2087
49211	4539	4472	682	7674	12561	11505	9041	7241	3179	24561	28057
3570	3568	3570	3568	3570	3568	3570	3568	3570	3568	3570	3568
4976	2043	2040	2044	2029	17663	5563	27856	1844	639	1307	16363
45076	29293	45076	29293	45076	29293	45076	29293	3485	822	21716	10476
48801	51051	48801	51051	51052	51051	48801	51052	48801	51052	48801	17052
