13840	32830	13840	32830	13840	32830	13840	32830	13840	32830	13840	32830
38460	24836	17493	16553	35678	20505	18090	893	214	9510	4508	14574
41907	33118	22852	29212	6777	5281	1229	2021	872	8347	2774	2758
17038	6660	17038	15717	7439	4091	1191	4091	5980	3019	170	4625
46391	1316	1463	6969	3074	20513	3074	1173	1156	2852	3013	6509
4927	12224	4927	12224	4927	12224	13256	12598	33090	1853	26284	1853
899	14865	265	4248	4290	4243	891	212	2774	264	15435	717
12055	13717	863	917	919	7884	3247	14487	4668	488	1209	1191
1347	1346	1347	1346	1347	1346	1347	1346	1347	1346	1347	1346
3568	3570	3568	3570	3568	3570	3568	3570	3568	3570	3568	3570
6779	975	6777	2931	5564	17115	5552	9150	21635	17780	7825	7860
21651	23403	6581	17293	17290	1907	5055	3921	19690	16540	16962	31965
19824	7771	10265	10262	25542	12991	14	25542	10262	18966	11849	8859
974	968	974	4100	1281	15806	10435	4801	18793	5325	17588	17589
167	161	188	180	185	188	169	189	185	180	161	188
29001	29000	29001	29000	29001	28606	29001	28606	27891	7206	14177	1004
5699	2516	6076	4902	4134	1226	482	1226	482	1463	40132	3261
1117	1118	1117	1118	1117	1118	1117	1118	1117	1118	1117	1118
15415	3123	3067	3065	3067	2826	3068	2955	3068	2826	464	13609
39591	36107	36108	36107	39589	36107	39592	36107	39594	36107	39590	36107
180	167	161	173	4927	28150	28149	28150	4927	4811	4925	5219
12405	15	10679	36453	5113	433	20777	35248	2332	19684	2436	12276
35613	9143	35119	7961	5032	2604	5413	3883	2336	1041	3540	12449
7221	5256	18935	23474	17120	18041	6865	20561	25853	35483	25853	20092
40939	40940	40939	40940	40939	40940	40939	40940	40939	40940	40939	40940
4484	4490	4484	4503	4802	1438	2613	1156	2614	9246	8282	9570
5231	1081	1082	4600	5704	1201	238	255	253	1044	243	2622
4075	5439	1900	2323	16516	16519	16520	9809	15240	34431	16525	34431
5446	2335	9216	11783	3874	3905	20761	25383	14974	4040	4895	7924
16908	4245	4256	4250	25531	4250	4290	1842	4256	4250	25531	4250
31774	10678	5121	4956	5105	4302	5399	8400	5435	8183	9697	3893
1118	1117	1118	1117	1118	1117	1118	1117	1118	1117	1118	1117
51051	48801	47971	48801	51052	48801	51051	51052	48801	51051	17052	30734
16617	17443	16617	32874	35115	35119	21715	20650	3380	26399	29908	17314
17207	2418	2769	2778	2757	264	872	4251	2242	4864	4723	3129
16213	46735	16213	46735	16213	46735	16213	46735	16213	16211	16213	46735
32830	13840	32830	13840	32830	13840	32830	13840	32830	13840	32830	13840
40939	40940	40939	40940	40939	40940	40939	40940	40939	40940	40939	40940
1234	178	1199	2636	4	2957	12164	51	2119	2175	2054	478
21570	25023	13688	12396	13615	1304	227	2400	5193	2233	5196	15886
29001	29000	29001	29000	29001	29000	29001	29000	29001	29000	29001	29000
9686	1021	14770	1754	4671	1278	4562	2333	309	10044	2500	2502
40940	40939	40940	40939	40940	40939	40940	40939	40940	40939	40940	40939
16589	16595	16589	16590	16589	16590	16589	16590	16589	16595	3198	3214
18933	5666	12939	13547	1362	6145	4549	6148	18723	1184	30643	1184
20227	11011	20228	23921	34393	28701	33699	27960	26513	12013	24440	28075
3557	3566	3557	3563	3565	3557	3562	2631	11709	11013	12012	26184
6916	1150	1146	667	273	4811	874	892	860	873	2081	18173
32830	13840	32830	13840	32830	13840	32830	13840	32830	13840	32830	13840
12232	1854	1408	1847	7156	1136	15039	1136	6298	1295	2259	3013
14709	14710	7803	10227	24910	4033	14091	8181	12250	8405	20025	14230
4080	4081	32828	14607	12763	22575	17005	22629	13897	24920	13897	15463
9250	12635	3496	12635	2042	5278	4704	17782	10098	20208	10098	2924
40940	40939	40940	40939	40940	40939	40940	40939	40940	40939	40940	40939
561	2781	264	8347	5988	17351	17346	309	178	2315	636	469
8973	5459	14223	27467	3990	3993	5104	18572	7960	9433	7674	26364
1118	1117	1118	1117	1118	1117	1118	1117	1118	1117	1118	1117
42284	41115	42284	41115	42284	41115	42284	41115	33584	7335	18754	33688
5293	244	275	252	243	657	676	17534	21729	10227	6268	11135
41689	41688	41689	41688	41689	41688	41689	41688	41689	41688	41689	41688
42171	42172	42171	42172	42171	42172	42171	42172	42171	42172	42171	42172
12910	1228	522	1715	1590	1708	2861	279	3015	2587	911	15035
3568	3570	3568	3570	3568	3570	3568	3570	3568	3570	3568	3570
35641	46245	35641	46245	46244	46245	46244	46245	46420	46245	46420	47253
40939	40940	40939	40940	40939	40940	40939	40940	40939	40940	40939	40940
7413	13047	277	4566	13048	4566	13051	13052	13049	277	13052	13051
670	2821	2823	4639	4637	4638	2097	6416	5703	3747	8496	6122
25227	9829	9839	7540	7075	15264	3930	19855	5061	9713	27579	5148
13840	32830	13840	32830	13840	32830	13840	32830	13840	32830	13840	32830
40940	40939	40940	40939	40940	40939	40940	40939	40940	40939	40940	40939
4780	4085	4482	4488	1250	4488	4487	4482	4488	4482	4487	4488
18779	10349	12920	5792	4567	8109	720	717	12845	15520	12927	28340
41689	41688	41689	41688	41689	41688	41689	41688	41689	41688	41689	41688
21267	5565	5562	21536	46367	21536	21729	17534	21729	21194	20255	20933
42171	42172	42171	42172	42171	42172	42171	42172	42171	42172	42171	42172
11082	11504	2279	12544	2279	5281	14310	6296	14437	12198	14437	7449
176	175	13256	175	12598	183	187	13252	3068	15437	3068	9
32830	13840	32830	13840	32830	13840	32830	13840	32830	13840	32830	13840
2773	872	4237	872	876	237	2782	2026	5656	5292	5650	5240
4662	4183	11595	16286	23337	16286	16485	12836	12924	12934	2527	12960
44570	44573	44570	44573	44570	44572	44570	44572	44570	44572	44570	44572
7970	21007	13871	16204	16282	490	2924	2703	8729	1175	7432	1830
29291	32730	29291	32730	29291	32730	29291	32730	29291	3485	5221	3485
59	58	59	58	62	58	62	2228	4638	2823	2228	685
1118	1117	1118	1117	1118	1117	1118	1117	1118	1117	1118	1117
5941	8826	9133	5563	4498	5567	4498	635	4677	4730	7223	4741
45795	45793	45794	45793	45797	45796	45793	40129	45793	40129	39843	40129
24387	9771	24387	9771	8344	9561	297	9561	15734	9938	8927	21941
4090	1894	4090	4045	1894	4090	5916	8042	6505	13690	8887	4696
42541	7771	7769	7770	5632	4927	4811	3748	3532	8341	869	19618
3568	3570	3568	3570	3568	3570	3568	3570	3568	3570	3568	3570
12859	2700	19431	21713	4268	14416	12762	8381	12900	1563	8565	6736
9320	2140	2158	7493	2158	2146	1689	1685	1691	1693	2198	2000
40939	40940	40939	40940	40939	40940	40939	40940	40939	40940	40939	40940
26604	4259	975	6771	285	6253	7409	20558	7409	20558	7409	7410
1645	51	2174	2119	2174	2054	2637	51	50	7	970	7
40940	40939	40940	40939	40940	40939	40940	40939	40940	40939	40940	40939
1176	3076	4378	1018	11288	23	4838	2759	9557	7145	4621	10589
20227	13075	7123	491	12700	10206	12701	3139	12701	22166	14196	18447
42885	42886	42885	42886	42885	42886	42885	42886	42885	42886	42885	42886
2706	890	3162	260	905	888	866	16907	213	884	14865	265
17371	12440	25898	23918	23920	23921	3020	7671	15092	9438	22532	15105
14167	5222	5217	8828	11662	18310	11662	7492	5665	3139	12701	6512
20280	8971	10105	15669	41459	15669	21605	34035	21605	20352	21605	34035
3568	3570	3568	3570	3568	3570	3568	3570	3568	3570	3568	3570
14890	9219	7532	5423	18494	5710	18494	1900	19523	19757	8759	19758
15606	15607	15606	15607	15606	15607	15606	15607	15606	15607	15606	15607
24972	20736	19501	10811	7889	2322	31197	2322	19762	15576	8272	33977
29854	8250	17735	5382	1891	1888	1889	1888	1889	1888	1894	1888
2831	2926	4923	6080	4923	6080	4923	6080	4923	174	172	195
122	582	593	14662	10674	19757	16561	17103	14082	6261	12970	7065
42885	42886	42885	42886	42885	42886	42885	42886	42885	42886	42885	42886
16907	23527	890	902	264	3172	3166	2782	3173	2026	2043	6033
4222	1640	683	5	814	15	99	523	721	17461	5564	29849
42171	42172	42171	42172	42171	42172	42171	42172	42171	42172	42171	42172
6551	822	12315	8627	1906	2784	13034	17269	13034	8515	14187	10758
16304	5318	5909	3060	15872	6088	7011	8542	10095	1719	1209	98
14544	20637	13569	980	973	972	977	980	977	979	14551	12447
2764	20515	5659	14194	14198	5661	5651	5660	13047	277	28730	7825
898	26317	19609	7053	1232	26620	7053	7049	17554	1565	18146	19797
3068	2956	16996	2956	3068	2955	2956	2899	2954	3320	2954	3318
46067	46065	46066	46065	46069	46065	46066	46065	46066	46065	46069	46065
1177	1179	1169	509	88	529	1444	529	7812	5554	852	18364
37674	40325	37674	23703	31038	5459	15845	451	1211	1200	1205	12609
21753	21072	2919	107	98	1209	1709	5614	6418	13816	5355	5357
16875	18796	16875	9377	4706	6726	4564	6726	12112	2892	1565	19425
49148	3285	49148	3285	49148	3285	3283	3284	3283	750	4056	977
42886	42885	42886	42885	42886	42885	42886	42885	42886	42885	42886	42885
14710	14709	14710	7803	21666	23	451	26867	5473	1193	7046	9359
7780	15411	15410	10044	3010	868	13048	10019	4355	12075	12072	25633
22801	22237	22801	13365	33133	15997	15620	6167	16252	16405	5245	1136
28150	28149	28150	28149	28150	28149	28150	4927	5632	753	2552	17127
38972	38973	35703	38973	35703	38973	35703	38973	38972	38973	38972	17028
5653	20650	21721	12291	4069	12289	8733	12289	8733	20250	18515	9249
2899	2826	2514	2825	2826	2514	4574	2403	5030	2319	23106	32639
177	188	167	189	167	189	180	167	161	163	1187	5272
32037	25464	14972	25365	7072	7950	25379	8418	26137	35141	7540	9827
5607	2400	4802	227	4935	4963	358	3819	5212	18248	8844	41712
3500	4026	3491	6867	1840	14601	10389	18933	14581	12831	12948	10086
5	814	15	3376	1986	1973	1559	1573	3253	3488	3481	13149
13840	32830	13840	32830	13840	32830	13840	32830	13840	32830	13840	32830
42886	42885	42886	42885	42886	42885	42886	42885	42886	42885	42886	42885
42885	42886	42885	42886	42885	42886	42885	42886	42885	42886	42885	42886
18906	12704	12634	17888	583	488	99	1919	1905	5053	9704	12154
42171	42172	42171	42172	42171	42172	42171	42172	42171	42172	42171	42172
2484	2150	2145	2141	2136	13029	3107	1689	2158	2140	11600	2140
22909	25739	10681	25739	10681	11810	9865	785	3632	1975	7510	17772
32256	32257	32256	32257	32256	32257	27009	32257	32256	32257	27009	26360
35381	36031	36107	39591	36107	39591	36107	39591	36107	39552	36107	35738
27087	15379	23171	12977	5139	25726	15815	4297	3893	24194	9713	1900
48213	48212	48213	48212	48213	48212	48213	48212	48213	48212	48213	48212
39591	36107	39591	36107	39592	36107	39552	43163	39552	36107	26749	14582
38	40	17385	3532	17119	17117	10312	8086	2414	15747	1181	5510
22692	2768	2588	8355	2757	2783	2757	8347	2766	3172	872	3154
1250	4482	4486	4482	4489	6166	9510	892	860	873	12456	4260
20892	315	7508	10891	14101	10889	20778	25205	20778	20776	5055	19495
1118	1117	1118	1117	1118	1117	1118	1117	1118	1117	1118	1117
41689	41688	41689	41688	41689	41688	41689	41688	41689	41688	41689	41688
28902	22667	24976	25203	2786	27391	12983	27391	7533	20761	7910	2332
39592	36107	36108	39552	36108	36107	39552	39551	35958	39551	36107	39588
4027	839	559	60	245	60	58	59	58	61	687	686
165	161	168	3801	168	3783	3786	3783	1579	1577	2255	2996
14920	7980	6845	7240	3426	20167	24904	34436	15142	12008	12007	25577
6144	10749	13900	1292	13900	8325	6041	4853	6085	11047	6085	14383
14710	14709	14710	14709	14710	7803	10227	13361	5614	7998	921	13974
33689	3416	22696	2199	2195	309	2759	2143	1833	457	1129	1125
36108	36107	39551	36107	36108	39552	36108	39552	39551	39552	36108	36107
16035	3067	16035	3067	3123	3065	3123	3065	3066	3067	10175	10174
30726	18086	1563	12601	8167	8760	4536	21243	20943	4729	1724	528
7667	2555	1463	5867	7153	522	533	531	8729	1175	8729	5698
28189	27443	23387	8130	15299	12642	19606	12988	8182	28465	23388	17304
48369	48368	48369	48368	48369	48368	48369	48368	48369	48368	48369	48368
15415	15416	15415	3123	3065	168	3801	3116	4197	4200	17779	18041
16996	2956	2955	2956	3068	2955	2899	2826	3066	3065	3125	3122
14201	14194	14600	10389	2769	863	902	876	237	2238	10301	1563
3013	6364	2494	3017	6432	9271	19320	12753	13597	4796	8875	3294
3568	3570	3568	3570	3568	3570	3568	3570	3568	3570	3568	3570
50813	43730	50813	43730	30327	50899	30327	30326	30327	50899	30327	30326
40939	40940	40939	40940	40939	40940	40939	40940	40939	40940	40939	40940
13902	13778	13902	21773	13902	4138	2780	7196	4606	13739	1570	12705
12994	24524	3894	1905	10677	27680	9255	5032	4956	5138	7583	16805
36107	39591	36107	39590	36107	39588	36107	36108	39552	39551	39552	43949
17437	17438	17268	1792	13034	8515	6314	7685	7684	3143	7668	22892
12435	21833	4243	273	4247	9393	13382	13380	15928	13854	27329	18395
40446	40447	40446	40447	40446	40447	40446	40447	40446	40447	30037	30039
27953	15975	4343	15976	2040	17582	2147	8086	5256	18935	24728	27167
1117	1118	1117	1118	1117	1118	1117	1118	1117	1118	1117	1118
41688	41689	41688	41689	41688	41689	41688	41689	41688	41689	41688	41689
42172	42171	42172	42171	42172	42171	42172	42171	42172	42171	42172	42171
20281	3563	6538	6537	6536	6537	6536	6537	2152	2445	8966	28296
2021	5237	211	263	13291	2782	3152	5239	5241	269	6924	6672
3568	3570	3568	3570	3568	3570	3568	3570	3568	3570	3568	3570
3285	49148	3285	3283	3285	3283	3285	49148	3285	49148	3285	49148
736	735	732	733	13790	3374	2305	8186	7906	15052	1562	21749
45794	45793	45794	45793	40129	37155	2786	24138	132	117	19401	24497
13840	32830	13840	32830	13840	32830	13840	32830	13840	32830	13840	32830
35423	4670	35423	4670	245	242	668	669	659	666	1201	795
32300	16144	7511	3979	3588	22503	3588	1931	7052	25200	7052	30777
1117	1118	1117	1118	1117	1118	1117	1118	1117	1118	1117	1118
46736	29751	46736	29751	46736	29751	14349	33607	22774	15229	37117	19023
44950	26761	3883	5032	9698	5653	5658	5651	15018	5651	15018	19192
42172	42171	42172	42171	42172	42171	42172	42171	42172	42171	42172	42171
48591	18707	17433	7157	451	5777	4591	5883	4591	4947	4591	5927
42719	27953	47478	27953	47479	27953	47479	27953	26204	42718	32745	1102
667	261	657	663	494	1723	1711	492	12428	2026	1559	16941
28149	28150	4927	28150	4927	28150	4927	173	12597	4927	12224	195
12299	2228	12299	742	2224	2097	1999	2101	5850	2101	11422	19092
13136	4030	1463	18780	5626	18780	880	888	3162	19094	28041	17222
40939	40940	40939	40940	40939	40940	40939	40940	40939	40940	40939	40940
28094	8612	19472	1910	1047	5443	5093	15420	22908	23185	22908	12200
17001	16192	16191	15628	16191	16192	16191	16192	17003	1296	14198	10389
719	713	15965	22015	556	2732	12677	639	1646	4923	174	176
15006	2965	4661	880	873	2079	18386	8503	5615	12709	30812	7751
14036	14003	9571	9568	32632	9568	14003	6179	2527	2673	5830	1382
42885	42886	42885	42886	42885	42886	42885	42886	42885	42886	42885	42886
27643	5470	5467	25229	3588	12441	6672	6669	13740	13739	5853	19314
12425	22166	12425	5650	4910	17005	6060	5663	3423	14603	14601	10196
40352	32131	2816	9523	1043	1159	1351	676	657	671	668	4925
16996	2956	13252	3068	2955	2956	2899	2955	2956	16996	2956	3068
5603	35671	5603	35671	33473	17494	17503	23337	16789	13918	22494	13918
15924	15928	39461	39590	36107	39590	36107	39552	36108	36107	39591	36107
15607	15606	15607	15606	15607	15606	15607	15606	15607	15606	15607	15606
42789	50741	42789	50741	42789	44714	44889	44714	35728	35555	35728	35555
14710	14709	14710	14709	14710	7803	10227	13363	16523	9796	16525	37010
3175	3151	3163	879	2026	481	2914	481	4909	3139	4909	7317
118	120	23	1210	2854	2853	1593	2905	2636	1199	2175	23639
4503	4133	4135	2508	5700	12751	14768	1755	1295	1755	1766	1994
42886	42885	42886	42885	42886	42885	42886	42885	42886	42885	42886	42885
28126	24278	784	1023	5379	5380	19190	792	8413	432	789	15856
13360	4248	4257	273	237	2757	8348	872	2781	2774	872	882
2141	2150	1154	1148	1146	1043	4642	2226	4637	4639	13787	12438
23919	22428	23918	23921	3020	3018	8042	5916	6166	12790	10179	2877
132	576	118	4198	377	4198	9307	4198	5374	4198	4197	4198
46069	46065	46066	46065	46069	46065	24062	46065	24062	46065	46068	46065
6637	3569	3568	3570	3568	3570	3568	3570	3568	3570	3568	3570
2424	2474	13322	3301	3296	1422	3302	781	3300	11029	14785	5100
15607	15606	15607	15606	15607	15606	15607	15606	15607	15606	15607	15606
719	713	719	713	720	719	3969	4245	4241	4290	4302	4290
58	59	58	62	58	59	58	62	58	59	58	60
13507	16394	13507	187	12599	13255	183	187	161	33	1081	696
262	1150	1159	238	1159	1043	1146	1149	3103	2201	2758	3797
12724	2442	2414	1209	1995	795	2414	5380	19190	15221	20644	45253
45229	5302	15765	6168	17393	29448	23374	29448	17399	25955	20034	20386
10018	7414	9949	9275	5359	13999	7300	24926	7300	24926	7300	503
1118	1117	1118	1117	1118	1117	1118	1117	1118	1117	1118	1117
41689	41688	41689	41688	41689	41688	41689	41688	41689	41688	41689	41688
42172	42171	42172	42171	42172	42171	42172	42171	42172	42171	42172	42171
15765	6168	12248	9835	8182	9848	12986	20890	13099	3238	7156	1491
3568	3570	3568	3570	3568	3570	3568	3570	3568	3570	3568	3570
9679	3188	2882	1055	1074	1075	1076	1073	1072	1077	1070	1076
18016	8343	13684	2695	15949	17665	1308	2386	5077	18165	20103	30060
46069	46065	46066	46065	46069	46065	46069	46065	46069	46065	46069	46065
36107	39589	36107	39594	36107	39588	36107	39592	36107	39590	36107	26749
742	4642	1126	2755	664	657	457	673	657	242	1146	1168
3868	4306	4298	15815	7529	7551	3375	432	779	15323	28235	816
40940	40939	40940	40939	40940	40939	40940	40939	40940	40939	40940	40939
3891	3924	2315	3912	15816	11995	3930	16961	14066	4299	20836	4298
1118	1117	1118	1117	1118	1117	1118	1117	1118	1117	1118	1117
41689	41688	41689	41688	41689	41688	41689	41688	41689	41688	41689	41688
4740	11742	18937	14347	5268	7679	6308	991	2015	494	1711	1723
4665	2968	13051	13049	13051	4566	13052	7413	4566	4552	2694	3057
29211	6777	10743	28145	10743	8845	1378	21018	6667	2555	5752	17615
20520	14141	3471	13780	4673	10043	4673	5280	7338	1729	14451	1729
15607	15606	15607	15606	15607	15606	15607	15606	15607	15606	15607	15606
36031	36107	36108	39552	39551	36107	39592	36107	39590	36107	36108	36107
33184	21916	23180	21383	23180	22039	16883	33460	16883	22036	43069	22440
5758	12063	3492	12063	14643	12061	6804	12061	12063	12064	17897	7319
28618	36622	43593	36622	5314	7837	7835	4578	4972	4649	2043	1977
42886	42885	42886	42885	42886	42885	42886	42885	42886	42885	42886	42885
1117	1118	1117	1118	1117	1118	1117	1118	1117	1118	1117	1118
41244	21554	8109	909	80	1811	12739	9508	7199	23452	7199	23428
32261	39184	9199	8295	17581	18125	1120	10581	12619	1120	11513	49605
42171	42172	42171	42172	42171	42172	42171	42172	42171	42172	42171	42172
45556	35493	21716	18803	21716	9949	13802	9275	3532	12305	23	7173
3568	3570	3568	3570	3568	3570	3568	3570	3568	3570	3568	3570
17246	10889	5036	7541	20645	35410	36307	24138	6746	4614	6747	4614
40939	40940	40939	40940	40939	40940	40939	40940	40939	40940	40939	40940
46066	46065	46069	46065	46069	46065	46066	46065	46069	46065	46069	46065
8381	12900	12439	8546	4616	6031	2963	4615	8537	4615	170	4619
