31039	40393	37913	40396	37913	15240	9809	16519	9804	36443	5440	5482
12664	7447	3132	7450	5360	691	13831	1218	4198	118	570	118
6909	1150	2263	2811	2134	2812	2811	752	2155	2124	9357	2135
4639	2823	685	61	691	591	9439	5560	5815	8089	8085	26183
1118	1117	1118	1117	1118	1117	1118	1117	1118	1117	1118	1117
24467	15382	20836	4298	7948	4299	2324	1900	19501	2436	18504	20442
42171	42172	42171	42172	42171	42172	42171	42172	42171	42172	42171	42172
3570	3568	3570	3568	3570	3568	3570	3568	3570	3568	3570	3568
2968	1720	481	2924	1563	878	9324	12434	3141	14610	12098	12100
37337	50235	50234	50235	37337	50235	50234	50235	50234	50235	37337	51028
15606	15607	15606	15607	15606	15607	15606	15607	15606	15607	15606	15607
25523	11667	25523	2778	25523	4247	9395	4247	8175	3969	719	18802
5433	5476	5442	5457	9714	5032	9698	853	8744	15665	6428	13672
15792	15791	15795	12771	15795	4354	13922	13376	10027	32296	21500	29073
36	32	35	32	35	33	163	37	33	659	741	6755
16595	16617	16595	16589	16590	16589	16595	16617	691	16617	3198	16617
42885	42886	42885	42886	42885	42886	42885	42886	42885	42886	42885	42886
41689	41688	41689	41688	41689	41688	41689	41688	41689	41688	41689	41688
20983	16224	7233	16224	3575	3011	2167	18951	9366	9423	5407	7505
4642	6418	4638	4642	4643	4638	685	2894	529	21379	7204	6939
3568	3570	3568	3570	3568	3570	3568	3570	3568	3570	3568	3570
6553	5704	4475	6128	7780	15411	7780	15411	15410	451	1967	12609
30605	5462	7503	8414	7507	15575	9290	14895	9725	14083	10904	7917
28402	28401	28402	28401	28402	28401	28402	28401	28402	28401	28402	28401
1648	1095	686	2316	2385	495	2854	2242	3015	1302	2999	3301
20402	24323	20402	589	118	570	89	576	4123	9156	23429	24725
4599	2377	2374	2376	3103	2152	6085	2377	9947	7471	17035	13870
2447	9	15436	9	477	2586	4533	22551	10284	248	242	263
34080	12073	3247	14487	21030	2745	2741	29891	35254	29891	27542	14686
23407	6259	679	5244	6536	4835	4675	1900	3579	37050	3579	17045
21446	107	8845	1378	8845	107	8845	107	135	115	128	96
48794	46367	21536	5559	6252	4496	242	1042	1351	1043	250	10665
26513	12013	3406	6053	117	106	1445	6368	3131	5225	10303	33584
2972	12291	12293	12294	5653	13099	35504	13099	1928	12971	4374	9862
12747	3159	3151	2782	2968	4665	14766	1754	4655	5362	10178	7975
18613	9991	12668	18579	6152	6179	4578	2758	5035	11129	22962	19520
3568	3570	3568	3570	3568	3570	3568	3570	3568	3570	3568	3570
2255	3000	2890	4655	12652	11040	4425	4640	13666	13902	13901	24792
2121	2134	2122	2810	853	35533	853	850	9	358	9937	10155
25210	3588	785	3623	4565	4956	5113	23961	36274	24870	36274	15345
883	22869	3413	14975	14965	20850	19854	1918	13466	3598	8614	5133
35065	35064	35065	35064	35065	35064	35065	35064	35065	35064	35065	35064
4663	4656	2074	3174	17895	5556	21536	5556	20250	5556	20250	4714
13322	66	65	2188	13112	4404	4403	4404	9	2109	9	2255
1118	1117	1118	1117	1118	1117	1118	1117	1118	1117	1118	1117
10016	2126	9285	2810	750	233	750	4472	4592	5926	5931	1468
41689	41688	41689	41688	41689	41688	41689	41688	41689	41688	41689	41688
211	2774	8350	860	873	874	4811	273	4249	14870	1135	2185
18969	591	18969	13363	928	13363	21729	13363	13745	24844	13745	8090
3570	3568	3570	3568	3570	3568	3570	3568	3570	3568	3570	3568
16249	6748	15296	7333	541	15238	7543	25212	3588	10134	9844	17616
15607	15606	15607	15606	15607	15606	15607	15606	15607	15606	15607	15606
48333	48328	11467	48319	11467	48319	11467	4507	4133	4503	4931	1328
58	59	58	62	2228	2224	2228	4638	2823	692	4636	4642
10809	24524	3903	3891	1914	3873	3910	3414	3879	15420	3879	3891
668	671	669	657	457	657	658	739	658	670	243	1044
25360	31028	25360	31028	25360	8398	8274	8398	25366	9197	8649	5113
13327	1203	520	526	17551	12601	12449	12567	10068	10999	16250	17408
46244	46245	46244	46245	46420	46245	46244	46245	46244	46245	35641	13186
30538	1006	1003	17	1645	1237	1645	1636	2223	1636	1645	12395
21789	4446	12424	2761	12424	22246	12424	22246	3485	7059	17485	4371
17234	22378	27683	14388	30805	11606	30807	3610	30807	14224	3909	5146
14241	2606	8455	5148	30703	5148	30703	5148	30703	5425	1918	8725
46069	46065	46069	46065	46069	46065	46066	46065	46068	46065	24062	49954
23625	22263	24922	22263	6296	2892	2694	1305	5066	23139	8038	8054
28402	28401	28402	28401	28402	28401	28402	28401	28402	28401	28402	1440
15974	4343	15975	27953	47478	27953	47479	27953	47478	27953	26204	31601
19684	36476	10679	16249	9810	5084	15234	450	7949	10679	16249	3611
18074	14607	8548	11112	10896	17035	5204	17656	24572	18041	11663	1384
7418	4651	6331	6114	2569	2398	1210	67	65	1028	6314	26413
1708	2512	669	4657	4642	685	742	1126	2253	6637	4836	7156
36572	8455	5437	8455	13465	12068	1846	3259	3472	3467	13151	15931
1118	1117	1118	1117	1118	1117	1118	1117	1118	1117	1118	1117
447	8538	4615	170	239	1447	5980	3531	4098	30289	8772	18193
1748	1747	1748	15806	16048	3579	23120	23122	3579	10822	20339	32336
36108	36107	39589	36107	39552	43163	39552	36108	36107	39589	36107	39594
46069	46065	46069	46065	46066	46065	46069	46065	46069	46065	24062	49954
3568	3570	3568	3570	3568	3570	3568	3570	3568	3570	3568	3570
5848	2375	2253	1126	669	243	2993	5012	2233	3129	5303	9373
15607	15606	15607	15606	15607	15606	15607	15606	15607	15606	15607	15606
7547	7538	5473	2784	4033	21711	12430	8551	13976	484	13032	14842
80	4252	12112	2892	18447	2968	963	4664	963	2924	963	792
2827	2825	2826	3065	2826	3067	2826	2514	6275	9312	10044	8057
40940	40939	40940	40939	40940	40939	40940	40939	40940	40939	40940	40939
6511	34293	6511	6512	9250	12635	2780	2767	910	2767	897	6253
39589	36107	39588	36107	39590	36107	39588	36107	39551	36107	39594	36107
42885	42886	42885	42886	42885	42886	42885	42886	42885	42886	42885	42886
21730	8088	31528	21381	14996	23098	16313	23098	8283	5697	21549	27172
45461	45462	45461	45462	45461	45462	45461	45462	45461	45462	45461	45462
9594	1729	15717	16673	17234	20870	7909	7585	5438	10338	10881	3949
38133	21951	9423	11968	9423	2849	2854	19330	10434	3439	3424	7681
237	867	477	279	233	2591	233	256	76	11291	7145	10562
26246	5357	12291	17436	12291	10992	2044	8294	5320	13438	5320	6509
6587	4101	7162	9455	18879	8549	964	2045	2026	556	8013	38672
15606	15607	15606	15607	15606	15607	15606	15607	15606	15607	15606	15607
10183	12946	12931	22216	12931	12943	12924	12844	12924	2527	16486	6165
15039	6165	15955	16184	15955	15039	1607	15039	6165	14581	17764	22241
43537	38821	43537	38821	13293	211	1386	956	2331	738	2188	2368
59	58	59	58	59	58	59	58	61	694	61	704
6778	2767	863	2781	902	3159	5240	3159	2785	4909	6739	15876
1016	5738	6761	1094	2377	4496	242	1043	1146	1159	1036	1355
6850	28936	6850	25033	6850	28936	35432	29425	6865	21765	5086	5206
41688	41689	41688	41689	41688	41689	41688	41689	41688	41689	41688	41689
22786	7032	8515	964	476	489	8838	13728	12685	7333	3912	9212
15267	3974	7079	2339	3918	15821	11993	38159	11993	15821	3891	3897
32830	13840	32830	13840	32830	13840	32830	13840	32830	13840	32830	13840
40939	40940	40939	40940	40939	40940	40939	40940	40939	40940	40939	40940
20845	5660	13046	5660	5292	5663	5651	5658	5651	5658	5651	4910
13133	17436	12291	12293	4069	12293	28001	12293	28001	12293	3562	13724
50232	45556	50232	45556	50232	45556	50232	45556	35493	24192	5995	5996
13840	32830	13840	32830	13840	32830	13840	32830	13840	32830	13840	32830
40940	40939	40940	40939	40940	40939	40940	40939	40940	40939	40940	40939
2684	2687	2684	2687	13348	7780	15411	7780	15410	6390	5939	1289
4700	120	965	11317	7117	10884	10894	5398	7596	10884	12975	7111
1117	1118	1117	1118	1117	1118	1117	1118	1117	1118	1117	1118
37222	9720	20725	12565	28160	12943	3212	18235	3212	15525	14178	28578
21430	12056	18087	1563	15792	21566	8504	5615	4831	1463	3259	3483
35163	32823	17533	6506	13363	5563	4822	5558	7477	2473	8933	7479
2009	963	1278	4615	170	1273	776	2255	2263	2261	10302	2261
3570	3568	3570	3568	3570	3568	3570	3568	3570	3568	3570	3568
10106	2703	480	12635	6512	4639	6512	12701	12438	12701	6060	14603
15606	15607	15606	15607	15606	15607	15606	15607	15606	15607	15606	15607
743	454	647	454	2063	10617	18564	500	497	1553	1555	12171
15517	1136	2123	2117	2136	3107	2141	2252	2149	2130	2149	7857
11047	261	243	252	262	2007	2009	963	481	4909	4069	21063
16588	16589	16595	16589	16590	16589	16590	16588	16589	16595	3198	3190
7063	7515	3250	11092	3250	1855	3190	1005	5743	11315	7065	11318
1117	1118	1117	1118	1117	1118	1117	1118	1117	1118	1117	1118
41689	41688	41689	41688	41689	41688	41689	41688	41689	41688	41689	41688
42171	42172	42171	42172	42171	42172	42171	42172	42171	42172	42171	42172
1083	3008	5323	3008	5323	3008	5323	2259	483	1755	1407	527
740	2441	774	521	5900	754	8175	754	8175	3969	8175	9363
3570	3568	3570	3568	3570	3568	3570	3568	3570	3568	3570	3568
37859	28350	37859	28350	37859	28350	37859	28350	37859	28350	14083	6590
14993	15051	4376	3651	3883	5032	3924	11990	11995	11990	3923	30010
15607	15606	15607	15606	15607	15606	15607	15606	15607	15606	15607	15606
2974	2968	1754	2968	13051	2781	879	874	4242	13713	17503	29476
3493	20366	20158	20022	20159	6665	12546	12542	15734	8404	5271	14816
6586	3008	1156	2988	2385	3153	2385	3077	5281	5086	35429	12454
1199	2174	2119	2175	17623	2147	2812	1833	9304	9551	2811	639
12904	12908	12904	12906	12910	2445	4758	1299	8897	8907	13872	15114
8351	2773	2766	2776	2596	2779	9713	6170	6152	4098	960	1977
1118	1117	1118	1117	1118	1117	1118	1117	1118	1117	1118	1117
42205	41831	42205	41831	42205	41831	42205	41831	42205	41831	12020	6365
41688	41689	41688	41689	41688	41689	41688	41689	41688	41689	41688	41689
49148	3285	3283	750	2155	2143	237	2754	1842	265	876	5242
16648	10516	16648	10516	7143	9357	7931	251	8141	9461	46181	35291
3570	3568	3570	3568	3570	3568	3570	3568	3570	3568	3570	3568
14654	13840	32830	13840	32830	13840	32830	13840	32830	13840	32830	13840
593	25546	14674	3646	14097	5067	9867	10139	9838	25197	15240	25197
15606	15607	15606	15607	15606	15607	15606	15607	15606	15607	15606	15607
46065	46068	46065	46069	46065	46069	46065	46069	46065	46069	46065	46068
2825	2826	2899	476	489	13363	13745	8941	19804	27060	11502	11525
36920	35054	11610	27702	15240	5133	16054	13181	34658	9217	16039	11789
23257	2701	9367	9984	7450	10188	10295	21557	23784	15620	2864	15997
46067	46065	46066	46065	46066	46065	46066	46065	46068	46065	46066	46065
36107	39590	36107	39551	36107	39552	36107	39588	36107	39592	36107	39593
5331	8140	9688	3469	17414	7955	17438	1228	2552	1838	2264	6862
305	2136	305	1149	4851	1129	660	3772	980	979	9748	14993
31407	5429	5410	5470	5476	3980	7048	1208	7048	10618	3636	11844
36634	37880	36634	11494	15335	8646	17293	17294	17297	12982	35137	15399
596	782	1194	4091	10545	4091	3357	17494	17506	7316	28436	2208
885	895	2524	4089	4781	493	1299	9375	2386	18494	17236	30752
15607	15606	15607	15606	15607	15606	15607	15606	15607	15606	15607	15606
12907	8584	12907	12905	12904	12906	12907	12905	12907	15883	11694	26682
20884	25222	13465	27844	8648	12973	1918	32036	24523	8642	4939	4946
7311	16928	23475	2935	8933	6723	1299	14527	13976	12434	10992	2969
18475	35045	18475	35045	18475	35045	18475	35045	18475	689	15299	12989
311	303	304	331	2772	12789	7454	5356	4531	6252	5559	10735
42886	42885	42886	42885	42886	42885	42886	42885	42886	42885	42886	42885
1117	1118	1117	1118	1117	1118	1117	1118	1117	1118	1117	1118
41689	41688	41689	41688	41689	41688	41689	41688	41689	41688	41689	41688
29020	8777	27420	5663	6060	17005	6060	3131	2175	23637	43187	39038
14215	29140	15323	7507	3875	1193	15294	6265	8593	15422	24976	27846
44348	44349	44348	44349	44348	44349	44348	44349	44348	44349	44348	44349
46068	46065	46066	46065	46069	46065	46066	46065	46068	46065	46068	46065
20688	20689	20688	20689	20688	20689	20690	20689	3122	3125	14728	28172
29103	42100	29103	42100	29103	42100	29103	42100	29103	42100	29103	35424
671	659	674	668	1128	1125	741	1125	2503	20650	1434	14502
11	979	1562	979	21273	12432	4787	4918	899	886	888	866
1005	8	2636	2905	2514	2508	1175	581	8096	4741	7215	32988
17351	23897	1359	23897	1359	528	82	10601	20942	19879	24844	13745
40940	40939	40940	40939	40940	40939	40940	40939	40940	40939	40940	40939
8404	4729	5251	4742	5255	17625	4742	6096	18481	15715	3365	2319
17284	17283	17284	17283	17284	17283	17284	23291	7456	3132	7454	6408
42885	42886	42885	42886	42885	42886	42885	42886	42885	42886	42885	42886
4309	34830	34831	36845	36677	43662	36677	42661	36677	19690	16540	14102
45216	45217	45216	45217	45216	45217	45216	45217	45216	45217	45216	45217
1893	9121	1890	177	167	169	185	188	189	161	164	1958
14709	14710	14709	14710	14709	14710	7803	14710	14709	14710	14709	14710
8007	27765	14185	8007	14185	8008	8006	8007	27765	14185	8008	8337
19357	22854	1726	11230	5240	3173	265	1842	3168	3173	5660	7972
15607	15606	15607	15606	15607	15606	15607	15606	15607	15606	15607	15606
4622	170	4619	1212	8271	28350	37859	28350	25390	19498	33544	151
3772	13522	13523	13522	3772	13522	3772	13522	3772	2824	13717	2824
3172	3166	3173	3164	5237	3170	3168	3159	6100	10070	17854	2148
4667	4671	4665	4919	4661	963	476	2899	2955	2956	16996	2956
16682	13186	20034	8363	2441	7154	7280	2332	14087	14096	28329	20941
49148	3285	49148	3285	49148	3285	49148	3285	3283	3285	49148	3285
42885	42886	42885	42886	42885	42886	42885	42886	42885	42886	42885	42886
4699	29135	7055	2040	2026	1561	8476	35440	24195	7414	21721	21720
41689	41688	41689	41688	41689	41688	41689	41688	41689	41688	41689	41688
19293	9126	18901	15093	16791	10107	10101	13653	13657	10206	21275	5214
20638	15520	9571	8282	9567	15522	14178	28578	28579	15521	9571	9434
43003	28798	43003	28798	22220	28798	43003	28798	7887	7886	4635	8995
17458	5559	17534	676	5557	12704	9759	12429	8507	556	22014	13329
32830	13840	32830	13840	32830	13840	32830	13840	32830	13840	32830	13840
13091	13089	13091	13095	3252	8943	12635	18416	4248	860	13065	2706
9395	4247	9395	4247	25521	25522	4247	5632	4581	5631	18657	31153
14709	14710	14709	14710	14709	14710	7803	14710	7803	10227	11717	35404
10516	16648	10516	16648	10516	4868	750	2241	20559	22101	9755	24384
5219	4919	4665	2473	4661	2811	2143	237	2754	2816	7517	449
2481	2126	1833	1845	1832	1833	12160	26399	32041	7528	10142	16577
13840	32830	13840	32830	13840	32830	13840	32830	13840	32830	13840	32830
1747	1748	1747	1748	5088	3930	1045	1594	451	8603	20778	10890
21773	4138	13666	13778	13902	13110	15039	3205	15039	13974	15039	8302
1117	1118	1117	1118	1117	1118	1117	1118	1117	1118	1117	1118
18968	21750	6841	3139	1565	3139	5655	1720	2026	2014	2037	2052
47478	42719	47478	42719	47478	27953	47478	27953	47479	27953	15975	27953
42171	42172	42171	42172	42171	42172	42171	42172	42171	42172	42171	42172
17495	12158	4052	5890	5293	5292	5665	3139	4071	4067	4055	972
4632	4088	15436	17522	2408	15436	178	740	66	740	5337	4404
13365	33133	6098	18148	17586	7662	1204	1993	3375	1993	3375	2076
923	1459	923	15935	15934	7192	279	256	2590	256	232	268
12908	12904	759	2542	2541	2228	692	685	2226	4638	6418	5703
18468	7899	5447	5462	1909	1916	1212	9708	3873	1905	20835	5147
21790	5654	5650	14200	5665	3139	4909	13284	4909	275	278	20576
5462	16431	5462	7503	10130	5423	11786	1906	3986	5077	4855	29768
42697	3441	2039	7204	14547	2694	2701	20185	30041	6595	8375	4101
13808	16875	2701	18011	2692	12739	3406	8512	18903	1383	8207	8218
1118	1117	1118	1117	1118	1117	1118	1117	1118	1117	1118	1117
16996	2956	2899	2956	3068	2955	3068	2955	2899	2955	2899	476
24879	2694	14131	18381	7233	4252	6726	21075	18188	21774	2183	21774
41688	41689	41688	41689	41688	41689	41688	41689	41688	41689	41688	41689
16958	1281	16962	7510	16161	3623	4565	5132	5091	8597	5423	2805
5649	5292	5655	5653	10018	8109	3540	26392	1314	2386	2071	2380
14710	14709	14710	14709	14710	7803	10227	23917	19424	21838	13870	7795
3570	3568	3570	3568	3570	3568	3570	3568	3570	3568	3570	3568
32830	13840	32830	13840	32830	13840	32830	13840	32830	13840	32830	13840
27420	5663	14603	14601	10389	12438	12701	7973	12450	7969	6727	5698
10724	12167	5380	1228	1227	1228	17479	1228	5380	9148	7408	1715
2596	2783	863	2774	13568	17402	7061	7976	6938	12437	9693	19579
4632	4474	2758	237	2776	264	2026	1720	481	12289	12291	21721
4973	712	13033	24907	2696	4138	5301	36789	5301	36789	5301	36789
13840	32830	13840	32830	13840	32830	13840	32830	13840	32830	13840	32830
3204	3200	12678	6602	20756	5669	5292	5665	5292	5669	20756	17053
42885	42886	42885	42886	42885	42886	42885	42886	42885	42886	42885	42886
12386	21802	12386	3281	12386	21802	12386	1188	163	33	1169	1173
14766	1754	4663	4673	4656	963	481	1720	2916	1720	4668	3252
2283	2417	8195	1585	1463	575	111	434	8167	436	9159	4158
21243	15047	5062	2264	214	7823	7443	12450	3540	8109	3155	8108
3569	3568	3570	3568	3570	3568	3570	3568	3570	3568	3570	3568
32830	13840	32830	13840	32830	13840	32830	13840	32830	13840	32830	13840
4026	6996	21031	18676	3480	1846	7884	3257	12064	3257	3259	16481
17281	17282	28893	17282	494	2015	3407	2015	964	2042	2029	2921
15607	15606	15607	15606	15607	15606	15607	15606	15607	15606	15607	15606
24460	9803	6581	23403	25531	23403	6581	3629	3600	16288	29140	14266
1563	878	8507	8512	12447	5558	15961	1309	1830	4723	3129	4866
21327	4071	11973	4655	2179	8729	500	1532	14770	4346	23	962
42885	42886	42885	42886	42885	42886	42885	42886	42885	42886	42885	42886
46332	23660	3978	3973	3977	4140	17112	15886	3532	11663	17728	12687
18934	17812	18934	25011	41279	34127	16226	34129	24044	23474	17441	23474
41154	42087	42088	47640	42088	47637	42088	47640	42088	47638	42088	42087
49473	49474	49473	49474	49473	49474	49473	49474	49473	49474	49473	32345
3568	3570	3568	3570	3568	3570	3568	3570	3568	3570	3568	3570
17114	17119	11663	18041	4743	1564	7223	4756	12686	2045	5546	2739
6944	21236	21329	12686	23875	4756	15933	4756	7236	3432	5254	7266
10229	9746	10227	5310	13363	928	890	859	918	928	890	942
35064	35065	35064	35065	35064	35065	35064	35065	35064	35065	35064	35065
39588	36107	39589	36107	39589	36107	39552	43163	39552	39551	35958	19963
2821	670	669	659	657	666	657	658	669	666	4758	5302
13438	5320	3082	8069	10176	12437	12438	14187	4820	870	2311	11666
2399	2124	2143	3103	2152	1690	2152	3105	2136	13029	3107	2136
31127	29427	29428	17371	7196	21071	4658	4661	1596	1278	4664	6173
41689	41688	41689	41688	41689	41688	41689	41688	41689	41688	41689	41688
21639	14740	21524	13813	21524	5237	4655	1720	2974	963	2968	1754
15359	7511	10677	7540	9829	11493	27120	11493	10334	8423	11488	14893
39739	2623	3421	13366	3968	8294	9017	36882	22375	10142	13591	22671
12386	21802	718	21802	12386	3281	5549	4775	6385	4775	6384	18464
16291	11000	954	12166	4200	4197	4199	254	1135	477	3020	9196
10389	5237	3152	3157	3159	2768	2781	2766	1380	16307	12637	22591
2484	2121	2141	2134	2374	2376	1578	2255	1577	2255	776	787
13291	2768	4664	21605	4664	4660	5213	4661	4665	4656	4663	13108
