3568	3570	3568	3570	3568	3570	3568	3570	3568	3570	3568	3570
1891	1118	1117	1118	1117	1118	1117	1118	1117	1118	1117	1118
19604	19603	10370	5985	7143	5985	10370	5985	5335	10016	5335	9305
1118	1117	1118	1117	1118	1117	1118	1117	1118	1117	1118	1117
3570	3568	3570	3568	3570	3568	3570	3568	3570	3568	3570	3568
1118	1117	1118	1117	1118	1117	1118	1117	1118	1117	1118	1117
1118	1117	1118	1117	1118	1117	1118	1117	1118	1117	1118	1117
3570	3568	3570	3568	3570	3568	3570	3568	3570	3568	3570	3568
1150	262	659	262	249	242	657	660	243	238	165	703
13320	7	2957	12164	2054	1199	2599	1199	2599	1199	2640	15197
3570	3568	3570	3568	3570	3568	3570	3568	3570	3568	3570	3568
1118	1117	1118	1117	1118	1117	1118	1117	1118	1117	1118	1117
1118	1117	1118	1117	1118	1117	1118	1117	1118	1117	1118	1117
1118	1117	1118	1117	1118	1117	1118	1117	1118	1117	1118	1117
2122	1126	2253	2375	1081	4472	4475	5231	1081	33	1170	1230
10016	2126	7144	2149	2130	2121	2120	2251	2143	237	2772	12425
1117	1118	1117	1118	1117	1118	1117	1118	1117	1118	1117	1118
3568	3570	3568	3570	3568	3570	3568	3570	3568	3570	3568	3570
1174	243	252	232	255	236	238	3745	4652	3745	4494	1734
3570	3568	3570	3568	3570	3568	3570	3568	3570	3568	3570	3568
