3568	3570	3568	3570	3568	3570	3568	3570	3568	3570	3568	3570
12132	12130	2439	7997	2439	9	639	242	668	742	4642	4638
664	657	261	657	673	658	741	11910	5616	7661	22278	3925
1118	1117	1118	1117	1118	1117	1118	1117	1118	1117	1118	1117
3570	3568	3570	3568	3570	3568	3570	3568	3570	3568	3570	3568
2627	1172	1177	2627	1177	1179	1172	1199	2636	2054	12164	51
169	167	161	178	2295	2053	4822	2053	1646	2295	4934	2493
1128	2054	2174	2957	11258	2174	2640	2252	2141	13029	2136	2252
1118	1117	1118	1117	1118	1117	1118	1117	1118	1117	1118	1117
11	979	12	1	20	3139	3163	13901	3163	211	2774	13568
1118	1117	1118	1117	1118	1117	1118	1117	1118	1117	1118	1117
6509	3013	4639	4638	4642	2226	685	742	262	742	6418	13720
2812	2151	2251	2143	1691	2198	1686	2198	1691	2143	2146	1689
4655	4423	3569	3568	3570	3568	3570	3568	3570	3568	3570	3568
3188	6129	243	673	261	676	261	670	669	11910	5735	17200
10370	5985	5335	740	66	13322	6	13420	6	1636	1645	53
3570	3568	3570	3568	3570	3568	3570	3568	3570	3568	3570	3568
283	876	237	63	58	59	58	62	58	59	58	60
1118	1117	1118	1117	1118	1117	1118	1117	1118	1117	1118	1117
3791	668	742	262	659	674	1125	741	4638	6417	4638	2227
5659	2499	5830	5650	6060	2777	3172	9248	13758	14165	13759	13775
14865	265	4568	5240	3159	3172	5240	3159	3172	2766	1380	5276
12143	4642	685	4638	685	2097	1999	2096	685	1044	1349	4276
1192	7734	1993	4919	4660	1379	4665	5237	1380	3157	263	3176
9372	5557	676	660	243	1174	1179	1172	1169	1174	6060	246
1117	1118	1117	1118	1117	1118	1117	1118	1117	1118	1117	1118
3568	3570	3568	3570	3568	3570	3568	3570	3568	3570	3568	3570
15415	15416	15415	15416	13	10	20	10	1	20	3139	6841
5280	897	2892	6469	20983	7198	7973	8551	12428	5615	1835	1527
3570	3568	3570	3568	3570	3568	3570	3568	3570	3568	3570	3568
