6080	4923	174	33	174	186	177	180	169	177	174	192
1118	1117	1118	1117	1118	1117	1118	1117	1118	1117	1118	1117
3570	3568	3570	3568	3570	3568	3570	3568	3570	3568	3570	3568
1118	1117	1118	1117	1118	1117	1118	1117	1118	1117	1118	1117
62	58	60	58	59	58	59	58	61	690	2124	6405
1117	1118	1117	1118	1117	1118	1117	1118	1117	1118	1117	1118
3568	3570	3568	3570	3568	3570	3568	3570	3568	3570	3568	3570
4566	12505	12506	12505	12506	12505	2055	12505	12506	12505	2055	10581
772	2124	4473	772	4473	2124	2143	2141	1693	1685	1687	2163
4525	4682	4520	4678	2073	4678	5835	2525	17539	2525	18507	17539
1149	4851	5022	2582	4862	2582	5019	6363	2523	9688	8364	9688
1128	660	673	671	666	658	639	777	2074	4660	4656	2965
17283	17284	17283	17284	17283	17284	17283	17284	17283	17284	17283	17284
735	732	734	732	735	733	735	733	732	734	969	736
3570	3568	3570	3568	3570	3568	3570	3568	3570	3568	3570	3568
1118	1117	1118	1117	1118	1117	1118	1117	1118	1117	1118	1117
5332	1787	4575	4473	2124	4473	2124	2126	7931	8141	251	7931
11258	2640	2637	2640	2054	2637	2054	51	2119	2054	51	1645
1117	1118	1117	1118	1117	1118	1117	1118	1117	1118	1117	1118
3568	3570	3568	3570	3568	3570	3568	3570	3568	3570	3568	3570
1118	1117	1118	1117	1118	1117	1118	1117	1118	1117	1118	1117
3570	3568	3570	3568	3570	3568	3570	3568	3570	3568	3570	3568
2649	2131	4868	10515	10516	7143	4868	9305	4868	10516	7143	2156
3568	3570	3568	3570	3568	3570	3568	3570	3568	3570	3568	3570
1117	1118	1117	1118	1117	1118	1117	1118	1117	1118	1117	1118
3570	3568	3570	3568	3570	3568	3570	3568	3570	3568	3570	3568
12289	12293	8729	497	8936	490	18900	490	1590	487	4634	5195
874	4249	891	3155	2074	4660	1278	4665	4656	4661	1596	1405
3128	3135	3128	3129	3397	4493	6051	5739	4633	7279	8087	13861
1117	1118	1117	1118	1117	1118	1117	1118	1117	1118	1117	1118
12889	6364	12889	3092	269	1559	1555	1422	3298	781	783	639
3570	3568	3570	3568	3570	3568	3570	3568	3570	3568	3570	3568
19603	19604	19603	19604	10370	5985	7143	4868	9305	5335	9357	5335
6402	2524	872	3163	3139	12701	12425	10389	12425	10206	8886	2912
1117	1118	1117	1118	1117	1118	1117	1118	1117	1118	1117	1118
208	211	3157	3159	264	902	264	2026	5355	1762	2079	7033
3568	3570	3568	3570	3568	3570	3568	3570	3568	3570	3568	3570
6720	2972	491	14197	5650	5663	22263	6296	5355	2175	13855	28699
