1118	1117	1118	1117	1118	1117	1118	1117	1118	1117	1118	1117
3570	3568	3570	3568	3570	3568	3570	3568	3570	3568	3570	3568
2518	10292	2518	2512	8141	251	232	273	232	269	4279	4236
28501	28502	28501	28502	28501	28502	28501	28502	28501	28502	28501	28502
3568	3570	3568	3570	3568	3570	3568	3570	3568	3570	3568	3570
5612	4475	750	2143	237	2776	2774	2766	4242	14603	14601	10196
2029	8932	2175	12687	1724	1271	1724	5066	13901	7403	12686	21329
3568	3570	3568	3570	3568	3570	3568	3570	3568	3570	3568	3570
12700	6667	2972	20980	9508	5656	5658	5651	5661	18622	12665	2775
1117	1118	1117	1118	1117	1118	1117	1118	1117	1118	1117	1118
3570	3568	3570	3568	3570	3568	3570	3568	3570	3568	3570	3568
59	58	59	58	59	58	62	2228	742	2228	2226	4643
4579	3324	4576	242	4546	242	261	670	2821	670	2821	2822
1117	1118	1117	1118	1117	1118	1117	1118	1117	1118	1117	1118
3570	3568	3570	3568	3570	3568	3570	3568	3570	3568	3570	3568
3568	3570	3568	3570	3568	3570	3568	3570	3568	3570	3568	3570
3570	3568	3570	3568	3570	3568	3570	3568	3570	3568	3570	3568
2391	2390	2391	2390	2394	2390	646	238	1234	636	2405	5611
1118	1117	1118	1117	1118	1117	1118	1117	1118	1117	1118	1117
3568	3570	3568	3570	3568	3570	3568	3570	3568	3570	3568	3570
28502	28501	28502	28501	28502	28501	28502	28501	28502	28501	28502	28501
2390	9	2255	3786	3783	3786	3783	1578	1576	1578	3783	3788
3328	3331	2021	263	257	12624	257	12624	2494	257	249	257
20980	2497	271	12195	12194	12195	12118	12655	644	631	647	11555
1082	749	1088	2131	1081	2131	2117	2146	2141	4049	4795	4049
1174	5231	1081	2176	2177	2176	1081	5333	5025	5333	2509	5745
750	639	4851	4496	242	5689	6287	2403	2517	534	2930	24558
3570	3568	3570	3568	3570	3568	3570	3568	3570	3568	3570	3568
1118	1117	1118	1117	1118	1117	1118	1117	1118	1117	1118	1117
3568	3570	3568	3570	3568	3570	3568	3570	3568	3570	3568	3570
1118	1117	1118	1117	1118	1117	1118	1117	1118	1117	1118	1117
3568	3570	3568	3570	3568	3570	3568	3570	3568	3570	3568	3570
1118	1117	1118	1117	1118	1117	1118	1117	1118	1117	1118	1117
2961	2964	4424	2542	2228	62	58	59	58	59	58	62
