1117	1118	1117	1118	1117	1118	1117	1118	1117	1118	1117	1118
3569	3568	3570	3568	3570	3568	3570	3568	3570	3568	3570	3568
3365	10580	3365	10370	3365	2694	1755	3009	3004	5549	639	4224
3104	2141	14827	2141	14827	2141	2145	2144	2134	2811	2477	2126
1118	1117	1118	1117	1118	1117	1118	1117	1118	1117	1118	1117
3277	1411	2408	9	750	4868	10516	2141	2117	1832	5851	5375
3568	3570	3568	3570	3568	3570	3568	3570	3568	3570	3568	3570
3568	3570	3568	3570	3568	3570	3568	3570	3568	3570	3568	3570
62	58	62	2228	62	58	59	58	62	58	62	58
3568	3570	3568	3570	3568	3570	3568	3570	3568	3570	3568	3570
3423	14601	5661	874	4257	904	17893	904	4240	904	17893	30909
3013	2852	2259	1126	4639	2227	4638	1126	4640	1708	1709	4506
1118	1117	1118	1117	1118	1117	1118	1117	1118	1117	1118	1117
3570	3568	3570	3568	3570	3568	3570	3568	3570	3568	3570	3568
21507	18293	10961	8028	13724	8028	13724	15435	717	2976	11228	6874
1118	1117	1118	1117	1118	1117	1118	1117	1118	1117	1118	1117
1117	1118	1117	1118	1117	1118	1117	1118	1117	1118	1117	1118
3568	3570	3568	3570	3568	3570	3568	3570	3568	3570	3568	3570
1118	1117	1118	1117	1118	1117	1118	1117	1118	1117	1118	1117
1117	1118	1117	1118	1117	1118	1117	1118	1117	1118	1117	1118
6637	3569	3568	3570	3568	3570	3568	3570	3568	3570	3568	3570
13513	458	13512	458	2177	2176	2177	458	2177	458	13513	458
2148	13258	7780	13258	2148	4085	4787	2571	2398	2569	2398	2570
28501	28502	28501	28502	28501	28502	28501	28502	28501	28502	28501	28502
1117	1118	1117	1118	1117	1118	1117	1118	1117	1118	1117	1118
3570	3568	3570	3568	3570	3568	3570	3568	3570	3568	3570	3568
1118	1117	1118	1117	1118	1117	1118	1117	1118	1117	1118	1117
671	668	657	658	242	2475	2134	1126	4642	4657	4638	685
276	10580	4868	10516	16648	10516	16648	10516	4868	2131	2141	2143
