1117	1118	1117	1118	1117	1118	1117	1118	1117	1118	1117	1118
3568	3570	3568	3570	3568	3570	3568	3570	3568	3570	3568	3570
1117	1118	1117	1118	1117	1118	1117	1118	1117	1118	1117	1118
3570	3568	3570	3568	3570	3568	3570	3568	3570	3568	3570	3568
2772	3005	1413	2259	2586	3004	5549	2410	1135	238	1044	1729
2177	455	2177	458	13513	458	2177	2176	2177	458	13513	458
1117	1118	1117	1118	1117	1118	1117	1118	1117	1118	1117	1118
3570	3568	3570	3568	3570	3568	3570	3568	3570	3568	3570	3568
6421	4553	1174	4997	1174	6060	5661	14603	14601	5661	14601	10196
19603	19604	19603	19604	19603	19604	19603	19604	19603	10370	5985	2156
1118	1117	1118	1117	1118	1117	1118	1117	1118	1117	1118	1117
1117	1118	1117	1118	1117	1118	1117	1118	1117	1118	1117	1118
3569	3568	3570	3568	3570	3568	3570	3568	3570	3568	3570	3568
1117	1118	1117	1118	1117	1118	1117	1118	1117	1118	1117	1118
1117	1118	1117	1118	1117	1118	1117	1118	1117	1118	1117	1118
2600	2599	1199	2637	1199	2636	2821	2636	4	2957	11258	2174
3570	3568	3570	3568	3570	3568	3570	3568	3570	3568	3570	3568
2599	1199	2174	2957	2958	18	2055	1645	17	2	2053	1831
1117	1118	1117	1118	1117	1118	1117	1118	1117	1118	1117	1118
3568	3570	3568	3570	3568	3570	3568	3570	3568	3570	3568	3570
1117	1118	1117	1118	1117	1118	1117	1118	1117	1118	1117	1118
3568	3570	3568	3570	3568	3570	3568	3570	3568	3570	3568	3570
240	667	4250	4236	4279	4236	273	5267	14870	2242	3423	18625
1118	1117	1118	1117	1118	1117	1118	1117	1118	1117	1118	1117
5529	4492	5529	4492	4494	4652	1787	1640	4559	4558	4561	10684
3568	3570	3568	3570	3568	3570	3568	3570	3568	3570	3568	3570
5606	2400	243	2993	243	1129	668	2814	668	4483	7008	4483
3570	3568	3570	3568	3570	3568	3570	3568	3570	3568	3570	3568
3570	3568	3570	3568	3570	3568	3570	3568	3570	3568	3570	3568
