37	33	1187	2402	178	477	2260	3008	1126	2894	1720	1590
3570	3568	3570	3568	3570	3568	3570	3568	3570	3568	3570	3568
4919	4750	4665	1720	1754	1766	498	776	2255	639	571	154
1117	1118	1117	1118	1117	1118	1117	1118	1117	1118	1117	1118
3570	3568	3570	3568	3570	3568	3570	3568	3570	3568	3570	3568
20920	3172	904	891	4245	20103	17393	6544	111	126	19493	25589
1117	1118	1117	1118	1117	1118	1117	1118	1117	1118	1117	1118
14468	12851	2597	4923	174	176	172	2955	2899	2826	3067	3065
7202	4499	5704	5377	1081	2131	2002	639	640	5837	12059	5936
1118	1117	1118	1117	1118	1117	1118	1117	1118	1117	1118	1117
3570	3568	3570	3568	3570	3568	3570	3568	3570	3568	3570	3568
3570	3568	3570	3568	3570	3568	3570	3568	3570	3568	3570	3568
1117	1118	1117	1118	1117	1118	1117	1118	1117	1118	1117	1118
12363	1289	12364	1289	12364	9119	1832	2475	2124	7144	750	5939
1118	1117	1118	1117	1118	1117	1118	1117	1118	1117	1118	1117
4667	888	902	264	4251	2242	874	4237	264	237	2773	8350
3570	3568	3570	3568	3570	3568	3570	3568	3570	3568	3570	3568
2599	1199	2054	11258	2054	2	17	11	2056	309	3761	13410
2822	2974	4660	2974	2970	12438	6777	8087	15050	18289	14416	22691
20963	891	212	3172	5240	3173	1380	3152	3157	3151	263	17884
1117	1118	1117	1118	1117	1118	1117	1118	1117	1118	1117	1118
1118	1117	1118	1117	1118	1117	1118	1117	1118	1117	1118	1117
2894	776	2252	2725	2392	2728	2392	2728	2392	2724	2392	2728
9365	12118	12195	271	264	902	3159	3172	2781	5664	5665	5667
3569	3568	3570	3568	3570	3568	3570	3568	3570	3568	3570	3568
1118	1117	1118	1117	1118	1117	1118	1117	1118	1117	1118	1117
3568	3570	3568	3570	3568	3570	3568	3570	3568	3570	3568	3570
1691	1694	1693	1149	305	2141	2121	2141	3104	1689	2254	2149
2134	2263	2143	3103	2143	1691	1693	1686	2187	9085	4075	20836
8266	4635	8266	4635	8266	4635	7886	4635	8266	4635	8266	4635
2596	237	863	2767	872	2782	3173	3163	5240	3159	2783	5661
13023	2827	2825	2827	2825	2827	2828	4404	2568	4691	3469	1086
2500	1756	12904	759	12904	12908	12904	12910	3986	1219	3377	6266
14058	4640	2382	1754	4750	4665	2473	1754	1764	6115	4207	529
4182	4031	9401	17975	17974	8504	1565	13974	21072	1562	7272	22734
4326	4333	4247	4333	19653	4290	265	13597	12741	3009	271	11973
1346	1347	1346	1347	1346	1347	1346	1347	1346	1347	1346	1347
3570	3568	3570	3568	3570	3568	3570	3568	3570	3568	3570	3568
4652	6394	7155	7154	8932	483	1767	1764	14547	868	873	12430
12911	12904	1756	2502	725	499	5854	3368	98	1966	2096	685
21940	9017	1027	1218	518	1214	3571	4656	4567	4909	4069	12293
17436	12291	4069	12293	12289	1564	4731	18626	1569	3433	1600	22210
3568	3570	3568	3570	3568	3570	3568	3570	3568	3570	3568	3570
14930	676	1128	243	239	242	2377	1081	6247	2250	2249	2250
