3569	3568	3570	3568	3570	3568	3570	3568	3570	3568	3570	3568
2117	2136	13029	2141	2117	2132	2150	2144	2150	1149	1693	4607
4637	4638	2228	685	2097	966	498	2894	777	171	571	408
1118	1117	1118	1117	1118	1117	1118	1117	1118	1117	1118	1117
3568	3570	3568	3570	3568	3570	3568	3570	3568	3570	3568	3570
1118	1117	1118	1117	1118	1117	1118	1117	1118	1117	1118	1117
3570	3568	3570	3568	3570	3568	3570	3568	3570	3568	3570	3568
28501	28502	28501	28502	28501	28502	28501	28502	28501	28502	28501	28502
7779	6128	717	11232	11706	4123	2275	18548	15568	119	20734	19777
3968	4669	7300	24926	7300	13999	5359	13999	5359	13284	13790	8834
3568	3570	3568	3570	3568	3570	3568	3570	3568	3570	3568	3570
1117	1118	1117	1118	1117	1118	1117	1118	1117	1118	1117	1118
19330	10434	8897	12638	13742	11126	12450	7968	9375	12450	7973	14623
17413	287	4576	242	257	249	740	5337	2828	2262	2124	1133
1118	1117	1118	1117	1118	1117	1118	1117	1118	1117	1118	1117
3570	3568	3570	3568	3570	3568	3570	3568	3570	3568	3570	3568
4482	4487	4482	4488	1250	2509	5013	8593	12968	1905	17098	5676
5757	4852	4590	5851	4634	6417	4638	6417	5703	4726	2551	6983
978	851	978	4055	978	735	979	12	979	5451	2589	5208
3568	3570	3568	3570	3568	3570	3568	3570	3568	3570	3568	3570
1118	1117	1118	1117	1118	1117	1118	1117	1118	1117	1118	1117
3570	3568	3570	3568	3570	3568	3570	3568	3570	3568	3570	3568
1118	1117	1118	1117	1118	1117	1118	1117	1118	1117	1118	1117
14765	5195	4615	740	3152	5240	3159	887	4251	872	895	5993
3570	3568	3570	3568	3570	3568	3570	3568	3570	3568	3570	3568
12165	2054	4014	2054	2	18	2958	2957	2174	2054	11258	2054
13999	5653	13999	7300	13999	5653	12425	5653	14196	2584	21697	23282
20774	1902	9	7577	17438	1118	1117	1118	1117	1118	1117	1118
3568	3570	3568	3570	3568	3570	3568	3570	3568	3570	3568	3570
2763	2596	2778	872	2783	2768	863	2757	863	2778	1845	1852
28502	28501	28502	28501	28502	28501	28502	28501	28502	28501	28502	28185
7300	13999	5653	5661	14194	2524	4243	3159	874	2524	530	2368
10419	275	253	255	232	273	4249	4242	265	4239	4247	686
2254	3107	639	5	2054	12164	2957	2174	2640	2054	12167	5380
3570	3568	3570	3568	3570	3568	3570	3568	3570	3568	3570	3568
19604	19603	19604	19603	19604	19603	10370	5985	2124	9313	10029	10866
3015	876	237	2769	876	2782	561	12117	14544	20918	13736	17097
3568	3570	3568	3570	3568	3570	3568	3570	3568	3570	3568	3570
29001	29000	29001	29000	29001	29000	29001	29000	29001	29000	29001	28606
1117	1118	1117	1118	1117	1118	1117	1118	1117	1118	1117	1118
5354	4423	3569	3568	3570	3568	3570	3568	3570	3568	3570	3568
167	177	169	188	167	161	180	188	185	169	177	167
1117	1118	1117	1118	1117	1118	1117	1118	1117	1118	1117	1118
3568	3570	3568	3570	3568	3570	3568	3570	3568	3570	3568	3570
29001	29000	29001	29000	29001	29000	29001	28606	29001	28606	22890	13155
1649	5	1640	9	254	245	7019	245	269	1559	1573	1574
1117	1118	1117	1118	1117	1118	1117	1118	1117	1118	1117	1118
5705	4473	4597	1226	1229	20980	3009	14199	14197	5237	3152	3154
253	246	7955	17476	1228	17411	2079	4351	14721	14720	2674	11067
