1118	1117	1118	1117	1118	1117	1118	1117	1118	1117	1118	1117
12299	742	2224	2228	2226	6416	2228	742	2227	742	692	262	500
4419	4418	265	4248	4257	2781	880	2772	15809	15942	16310	26231
1117	1118	1117	1118	1117	1118	1117	1118	1117	1118	1117	1118
21507	10992	12291	12293	4071	481	963	4655	11973	381	12788	10173
4573	1416	1404	510	1080	5751	6988	6330	4972	4649	3103	704
1117	1118	1117	1118	1117	1118	1117	1118	1117	1118	1117	1118
1723	1711	2914	481	2914	6311	2914	481	1687	2163	5602	669
3568	3570	3568	3570	3568	3570	3568	3570	3568	3570	3568	3570
3568	3570	3568	3570	3568	3570	3568	3570	3568	3570	3568	3570
4055	972	978	851	978	735	733	732	735	1280	972	851
5758	863	2767	2781	264	2757	872	264	5237	3152	3159	9797
5239	872	3151	3153	3151	3163	1380	3173	265	8350	2781	2757
2825	2826	2514	2825	2826	3068	2826	3067	3066	3065	3120	3065
3568	3570	3568	3570	3568	3570	3568	3570	3568	3570	3568	3570
486	475	477	3000	3092	3000	3092	2763	14747	14746	14747	7156
645	637	645	637	631	634	639	2123	1831	4823	4816	12591
17438	1118	1117	1118	1117	1118	1117	1118	1117	1118	1117	1118
3570	3568	3570	3568	3570	3568	3570	3568	3570	3568	3570	3568
658	739	658	242	657	664	657	243	6129	676	561	2794
12056	267	2149	2122	2135	9357	5985	5335	9357	10016	9357	9344
271	2974	21029	1720	4661	1754	4655	8374	2964	4424	4475	2399
275	236	255	235	245	60	245	242	668	261	1087	11048
3009	20980	2497	271	1296	16191	6423	16191	15955	2948	2905	2948
3570	3568	3570	3568	3570	3568	3570	3568	3570	3568	3570	3568
1118	1117	1118	1117	1118	1117	1118	1117	1118	1117	1118	1117
1117	1118	1117	1118	1117	1118	1117	1118	1117	1118	1117	1118
3568	3570	3568	3570	3568	3570	3568	3570	3568	3570	3568	3570
29000	29001	29000	29001	29000	29001	29000	29001	29000	29001	29000	29001
12437	3405	12437	12245	2009	9430	8897	12545	2927	11126	7785	6128
1117	1118	1117	1118	1117	1118	1117	1118	1117	1118	1117	1118
3570	3568	3570	3568	3570	3568	3570	3568	3570	3568	3570	3568
1289	633	1127	243	1129	666	261	671	666	671	243	23
2054	12164	2054	2637	2054	1199	2636	2906	2636	2054	12168	2174
1118	1117	1118	1117	1118	1117	1118	1117	1118	1117	1118	1117
1719	489	6545	5704	6544	5704	6547	7412	26285	11737	617	15899
29000	29001	29000	29001	29000	29001	29000	29001	29000	29001	28606	12927
2888	4	2958	2957	11258	2174	4	1	20	357	2685	9119
3570	3568	3570	3568	3570	3568	3570	3568	3570	3568	3570	3568
1195	33	161	189	188	167	189	167	189	169	188	4047
3570	3568	3570	3568	3570	3568	3570	3568	3570	3568	3570	3568
