66	1429	244	232	253	742	658	742	2224	2226	1833	1870
11984	21466	11984	254	447	3747	4069	4067	4069	12292	5357	22043
3568	3570	3568	3570	3568	3570	3568	3570	3568	3570	3568	3570
8248	2763	2596	8350	2776	264	2776	8347	872	2769	2781	863
5323	3008	5323	2259	5323	2259	2255	3000	2494	900	2188	3394
5237	5239	7132	5239	3166	3157	3173	3164	492	2970	492	15665
1446	6667	12428	2026	879	3172	872	237	2765	2385	2853	22087
1118	1117	1118	1117	1118	1117	1118	1117	1118	1117	1118	1117
3568	3570	3568	3570	3568	3570	3568	3570	3568	3570	3568	3570
17656	15033	14601	10389	5650	264	2776	872	4245	1206	3526	3548
17437	17438	1118	1117	1118	1117	1118	1117	1118	1117	1118	1117
3159	668	261	1129	660	657	243	670	669	674	1154	1159
2074	4658	2965	1754	14766	1754	14766	6640	14766	4665	21029	879
2002	2137	639	1125	2499	14603	2499	14603	2783	5665	3139	3163
1788	39	1043	5334	1043	4642	4637	4642	4657	5849	4919	4660
3473	1127	4582	1752	4069	4070	19792	11227	1120	7477	6435	11228
7931	2126	2124	750	7144	2811	2134	2144	3116	2144	3116	4197
1117	1118	1117	1118	1117	1118	1117	1118	1117	1118	1117	1118
10516	7143	4868	7143	10516	4868	10516	16648	10516	2141	2131	1111
3627	5055	8629	4290	900	3015	2166	3015	4249	7318	8827	7662
1117	1118	1117	1118	1117	1118	1117	1118	1117	1118	1117	1118
29001	29000	29001	29000	29001	29000	29001	28606	29001	28606	12927	12953
1117	1118	1117	1118	1117	1118	1117	1118	1117	1118	1117	1118
3568	3570	3568	3570	3568	3570	3568	3570	3568	3570	3568	3570
1118	1117	1118	1117	1118	1117	1118	1117	1118	1117	1118	1117
3570	3568	3570	3568	3570	3568	3570	3568	3570	3568	3570	3568
1117	1118	1117	1118	1117	1118	1117	1118	1117	1118	1117	1118
3068	2955	2899	2954	2899	2955	2899	2826	2514	4574	3324	4576
4067	4069	12293	481	4069	4070	6503	480	12635	12638	3852	29365
501	1720	2921	10301	2971	17369	4152	17369	20963	287	491	12543
5041	4902	4134	1226	4902	1149	3107	2002	3107	639	1413	1656
9267	493	1299	8069	14607	13118	12397	128	517	3375	8598	24468
1118	1117	1118	1117	1118	1117	1118	1117	1118	1117	1118	1117
10176	12437	1427	66	4817	2053	4811	904	900	2572	5321	10607
11215	2439	9	3068	2955	2899	2955	2899	476	510	1431	17208
1118	1117	1118	1117	1118	1117	1118	1117	1118	1117	1118	1117
185	180	188	180	169	177	169	180	189	167	177	13526
3324	3323	3326	21614	15435	21614	14544	12117	1289	633	2519	633
9970	676	457	13432	457	6416	2226	6416	2228	692	262	7628
18	5752	18	2055	12505	4566	13051	13050	13049	13050	10103	16795
3570	3568	3570	3568	3570	3568	3570	3568	3570	3568	3570	3568
3242	5590	4904	5590	1787	1640	4868	10580	11026	2568	2926	2941
3568	3570	3568	3570	3568	3570	3568	3570	3568	3570	3568	3570
4207	2074	962	2074	170	242	2382	1588	1584	1585	4472	775
1118	1117	1118	1117	1118	1117	1118	1117	1118	1117	1118	1117
8729	1711	499	5854	499	725	499	8820	500	1891	2829	4144
2073	1709	6732	1709	495	1557	1017	1169	1175	4495	7802	4495
