1117	1118	1117	1118	1117	1118	1117	1118	1117	1118	1117	1118
12299	742	2224	2228	2226	6416	2228	742	2227	742	692	262	500
14030	12426	904	4240	4247	273	4253	530	4248	4290	3173	872
2375	4634	5195	14765	5195	11011	17804	3469	1416	1431	3487	10447
2096	2441	740	249	6060	14198	5650	5656	14547	15746	6510	3087
3103	305	3107	2136	2145	2136	639	170	4619	1212	8121	9155
3568	3570	3568	3570	3568	3570	3568	3570	3568	3570	3568	3570
29001	28606	29001	29000	29001	29000	29001	29000	29001	29000	29001	28606
17438	1118	1117	1118	1117	1118	1117	1118	1117	1118	1117	1118
5911	5046	4427	10389	5240	3173	879	17075	17069	14816	25476	22362
3570	3568	3570	3568	3570	3568	3570	3568	3570	3568	3570	3568
1126	4642	2226	1833	6128	243	239	2814	668	2822	1223	2893
6849	878	8505	897	5281	2780	2596	900	895	4255	4290	5065
4520	1965	4520	1285	4495	4133	2508	2403	487	5912	14310	6296
2660	1691	1685	1690	2141	2151	2262	2811	2140	2117	2147	17629
1118	1117	1118	1117	1118	1117	1118	1117	1118	1117	1118	1117
20920	3172	2773	273	2596	2757	2779	237	2764	237	477	2869
2143	3103	1149	1146	242	248	278	669	659	674	261	5773
29001	29000	29001	29000	29001	29000	29001	28606	29001	28606	4434	22852
16590	16589	16590	16588	16590	16589	16595	16617	29560	16617	691	5829
8266	4635	7886	4635	1081	2377	4206	2961	2822	2081	1274	1438
12686	1711	12447	2701	16	814	1643	1137	1639	2552	7161	12235
15033	14601	5661	5659	1299	12634	9150	14311	9150	14472	1232	18672
7812	5661	2499	5661	14198	12438	6060	5663	21508	5663	17005	25784
29000	29001	29000	29001	29000	29001	29000	29001	28606	29001	29000	29001
3568	3570	3568	3570	3568	3570	3568	3570	3568	3570	3568	3570
4923	6080	4923	6080	4923	6080	4923	6080	4923	6080	4923	174
13321	2853	4640	1126	668	261	232	274	232	265	212	2758
1117	1118	1117	1118	1117	1118	1117	1118	1117	1118	1117	1118
664	4634	2096	5333	2727	4615	170	4620	5195	4786	4397	11797
1689	3103	2150	2144	2121	2149	2130	2121	2120	2121	2134	2143
1432	510	539	15	3375	1903	2605	4612	667	1152	1041	9202
13538	2977	3333	2977	8473	1445	1724	14721	14720	2674	12560	8473
2854	1156	2410	8347	264	8347	2766	8347	2776	264	2763	7150
1117	1118	1117	1118	1117	1118	1117	1118	1117	1118	1117	1118
3568	3570	3568	3570	3568	3570	3568	3570	3568	3570	3568	3570
6278	6275	2514	2905	2636	2905	2950	1055	2882	2855	2613	2873
3570	3568	3570	3568	3570	3568	3570	3568	3570	3568	3570	3568
12293	28001	12293	12291	12293	497	12293	20249	2264	20249	5617	26124
2120	2259	1413	1305	556	15199	15198	4120	9040	723	11082	15536
1118	1117	1118	1117	1118	1117	1118	1117	1118	1117	1118	1117
3568	3570	3568	3570	3568	3570	3568	3570	3568	3570	3568	3570
5237	5045	13289	5045	4241	4254	26276	2784	7072	17397	5448	17397
172	2899	2826	2899	2826	3066	168	161	163	175	13256	175
24926	7300	24926	7300	503	2080	1409	2080	2072	1846	12236	56
1118	1117	1118	1117	1118	1117	1118	1117	1118	1117	1118	1117
10174	10175	874	4255	4243	4247	4333	4247	4243	888	264	15965
1117	1118	1117	1118	1117	1118	1117	1118	1117	1118	1117	1118
