5653	5651	5660	10206	21275	6296	2974	4658	4663	1278	2017	5291
3568	3570	3568	3570	3568	3570	3568	3570	3568	3570	3568	3570
3569	3568	3570	3568	3570	3568	3570	3568	3570	3568	3570	3568
7780	6128	4475	4424	3265	5740	2440	4045	4088	8727	6308	4204
3568	3570	3568	3570	3568	3570	3568	3570	3568	3570	3568	3570
3570	3568	3570	3568	3570	3568	3570	3568	3570	3568	3570	3568
3568	3570	3568	3570	3568	3570	3568	3570	3568	3570	3568	3570
3568	3570	3568	3570	3568	3570	3568	3570	3568	3570	3568	3570
1118	1117	1118	1117	1118	1117	1118	1117	1118	1117	1118	1117
1118	1117	1118	1117	1118	1117	1118	1117	1118	1117	1118	1117
3568	3570	3568	3570	3568	3570	3568	3570	3568	3570	3568	3570
