3570	3568	3570	3568	3570	3568	3570	3568	3570	3568	3570	3568
3265	666	668	1125	743	658	741	666	4503	5835	2525	17539
1117	1118	1117	1118	1117	1118	1117	1118	1117	1118	1117	1118
2119	51	2637	2640	2637	2640	2637	51	2119	2175	2639	1199
1117	1118	1117	1118	1117	1118	1117	1118	1117	1118	1117	1118
3568	3570	3568	3570	3568	3570	3568	3570	3568	3570	3568	3570
3569	3568	3570	3568	3570	3568	3570	3568	3570	3568	3570	3568
3152	211	13289	5237	4655	11973	271	14198	10389	14196	12638	12654
2134	1126	2251	2135	2122	1126	2251	1833	9304	9551	9304	1833
3568	3570	3568	3570	3568	3570	3568	3570	3568	3570	3568	3570
1118	1117	1118	1117	1118	1117	1118	1117	1118	1117	1118	1117
