16595	16589	16590	16589	16590	16589	16590	16589	16590	16589	16595	16589
3568	3570	3568	3570	3568	3570	3568	3570	3568	3570	3568	3570
3568	3570	3568	3570	3568	3570	3568	3570	3568	3570	3568	3570
17438	1118	1117	1118	1117	1118	1117	1118	1117	1118	1117	1118
3568	3570	3568	3570	3568	3570	3568	3570	3568	3570	3568	3570
1118	1117	1118	1117	1118	1117	1118	1117	1118	1117	1118	1117
3570	3568	3570	3568	3570	3568	3570	3568	3570	3568	3570	3568
3570	3568	3570	3568	3570	3568	3570	3568	3570	3568	3570	3568
872	4241	4290	265	891	4245	872	3159	3166	211	208	216
3570	3568	3570	3568	3570	3568	3570	3568	3570	3568	3570	3568
62	58	59	58	59	58	59	58	59	58	63	3357
