2516	2508	2514	4574	3324	4576	4574	3324	4579	3324	3323	3325
979	973	978	974	972	977	978	979	3159	211	3170	3159
1118	1117	1118	1117	1118	1117	1118	1117	1118	1117	1118	1117
3568	3570	3568	3570	3568	3570	3568	3570	3568	3570	3568	3570
1118	1117	1118	1117	1118	1117	1118	1117	1118	1117	1118	1117
2249	2250	5689	6287	2143	237	872	3151	3155	891	4245	1842
3568	3570	3568	3570	3568	3570	3568	3570	3568	3570	3568	3570
4811	4812	5612	2295	4923	1236	4660	4663	4659	1278	1787	4499
5354	3569	3568	3570	3568	3570	3568	3570	3568	3570	3568	3570
1117	1118	1117	1118	1117	1118	1117	1118	1117	1118	1117	1118
3570	3568	3570	3568	3570	3568	3570	3568	3570	3568	3570	3568
