1117	1118	1117	1118	1117	1118	1117	1118	1117	1118	1117	1118
3570	3568	3570	3568	3570	3568	3570	3568	3570	3568	3570	3568
3568	3570	3568	3570	3568	3570	3568	3570	3568	3570	3568	3570
3568	3570	3568	3570	3568	3570	3568	3570	3568	3570	3568	3570
15943	4909	264	15435	13724	13284	4909	5654	5653	5659	12425	4428
3570	3568	3570	3568	3570	3568	3570	3568	3570	3568	3570	3568
3569	3568	3570	3568	3570	3568	3570	3568	3570	3568	3570	3568
6052	4493	2582	5019	2582	5019	5022	4851	5022	2582	5019	2582
1117	1118	1117	1118	1117	1118	1117	1118	1117	1118	1117	1118
3568	3570	3568	3570	3568	3570	3568	3570	3568	3570	3568	3570
3570	3568	3570	3568	3570	3568	3570	3568	3570	3568	3570	3568
3570	3568	3570	3568	3570	3568	3570	3568	3570	3568	3570	3568
3570	3568	3570	3568	3570	3568	3570	3568	3570	3568	3570	3568
