1118	1117	1118	1117	1118	1117	1118	1117	1118	1117	1118	1117
1118	1117	1118	1117	1118	1117	1118	1117	1118	1117	1118	1117
1118	1117	1118	1117	1118	1117	1118	1117	1118	1117	1118	1117
20520	14141	20520	14141	8936	4661	2970	12425	5653	12701	5653	14198
1117	1118	1117	1118	1117	1118	1117	1118	1117	1118	1117	1118
12166	2054	8	2640	11258	2174	1199	2637	51	50	51	2061
1117	1118	1117	1118	1117	1118	1117	1118	1117	1118	1117	1118
5651	5661	13828	5651	5661	2499	2596	2766	14834	880	4661	14766
1118	1117	1118	1117	1118	1117	1118	1117	1118	1117	1118	1117
16589	16590	16589	16590	16589	16590	16588	16589	16590	16588	16590	16588
1118	1117	1118	1117	1118	1117	1118	1117	1118	1117	1118	1117
3568	3570	3568	3570	3568	3570	3568	3570	3568	3570	3568	3570
