1118	1117	1118	1117	1118	1117	1118	1117	1118	1117	1118	1117
3568	3570	3568	3570	3568	3570	3568	3570	3568	3570	3568	3570
3568	3570	3568	3570	3568	3570	3568	3570	3568	3570	3568	3570
1117	1118	1117	1118	1117	1118	1117	1118	1117	1118	1117	1118
3570	3568	3570	3568	3570	3568	3570	3568	3570	3568	3570	3568
659	660	243	1174	243	261	2376	1578	3783	1578	1576	1578
1117	1118	1117	1118	1117	1118	1117	1118	1117	1118	1117	1118
3570	3568	3570	3568	3570	3568	3570	3568	3570	3568	3570	3568
3568	3570	3568	3570	3568	3570	3568	3570	3568	3570	3568	3570
3570	3568	3570	3568	3570	3568	3570	3568	3570	3568	3570	3568
3568	3570	3568	3570	3568	3570	3568	3570	3568	3570	3568	3570
2516	4574	2514	633	2519	2512	669	659	670	658	242	5687
1117	1118	1117	1118	1117	1118	1117	1118	1117	1118	1117	1118
16590	16588	16589	16590	16589	16595	16589	16590	16589	16590	16588	16259
3568	3570	3568	3570	3568	3570	3568	3570	3568	3570	3568	3570
3568	3570	3568	3570	3568	3570	3568	3570	3568	3570	3568	3570
1118	1117	1118	1117	1118	1117	1118	1117	1118	1117	1118	1117
3570	3568	3570	3568	3570	3568	3570	3568	3570	3568	3570	3568
3568	3570	3568	3570	3568	3570	3568	3570	3568	3570	3568	3570
1118	1117	1118	1117	1118	1117	1118	1117	1118	1117	1118	1117
