3568	3570	3568	3570	3568	3570	3568	3570	3568	3570	3568	3570
35	32	33	1235	2512	3103	2141	2252	776	2252	2120	2259
1118	1117	1118	1117	1118	1117	1118	1117	1118	1117	1118	1117
3570	3568	3570	3568	3570	3568	3570	3568	3570	3568	3570	3568
1118	1117	1118	1117	1118	1117	1118	1117	1118	1117	1118	1117
3570	3568	3570	3568	3570	3568	3570	3568	3570	3568	3570	3568
3570	3568	3570	3568	3570	3568	3570	3568	3570	3568	3570	3568
1118	1117	1118	1117	1118	1117	1118	1117	1118	1117	1118	1117
1118	1117	1118	1117	1118	1117	1118	1117	1118	1117	1118	1117
1118	1117	1118	1117	1118	1117	1118	1117	1118	1117	1118	1117
1117	1118	1117	1118	1117	1118	1117	1118	1117	1118	1117	1118
3568	3570	3568	3570	3568	3570	3568	3570	3568	3570	3568	3570
1118	1117	1118	1117	1118	1117	1118	1117	1118	1117	1118	1117
3568	3570	3568	3570	3568	3570	3568	3570	3568	3570	3568	3570
