1117	1118	1117	1118	1117	1118	1117	1118	1117	1118	1117	1118
1117	1118	1117	1118	1117	1118	1117	1118	1117	1118	1117	1118
10401	5405	17438	1118	1117	1118	1117	1118	1117	1118	1117	1118
1117	1118	1117	1118	1117	1118	1117	1118	1117	1118	1117	1118
1118	1117	1118	1117	1118	1117	1118	1117	1118	1117	1118	1117
6637	3569	3568	3570	3568	3570	3568	3570	3568	3570	3568	3570
1118	1117	1118	1117	1118	1117	1118	1117	1118	1117	1118	1117
1126	659	1128	666	243	669	243	660	673	457	13432	457
1117	1118	1117	1118	1117	1118	1117	1118	1117	1118	1117	1118
3568	3570	3568	3570	3568	3570	3568	3570	3568	3570	3568	3570
1117	1118	1117	1118	1117	1118	1117	1118	1117	1118	1117	1118
3568	3570	3568	3570	3568	3570	3568	3570	3568	3570	3568	3570
