2477	2810	750	7142	2126	7144	2149	2134	2122	1126	4638	4645
3570	3568	3570	3568	3570	3568	3570	3568	3570	3568	3570	3568
3568	3570	3568	3570	3568	3570	3568	3570	3568	3570	3568	3570
3568	3570	3568	3570	3568	3570	3568	3570	3568	3570	3568	3570
8537	5374	2399	5374	4600	5374	5025	4575	4472	2990	4472	4598
3570	3568	3570	3568	3570	3568	3570	3568	3570	3568	3570	3568
1118	1117	1118	1117	1118	1117	1118	1117	1118	1117	1118	1117
3568	3570	3568	3570	3568	3570	3568	3570	3568	3570	3568	3570
3568	3570	3568	3570	3568	3570	3568	3570	3568	3570	3568	3570
3570	3568	3570	3568	3570	3568	3570	3568	3570	3568	3570	3568
3570	3568	3570	3568	3570	3568	3570	3568	3570	3568	3570	3568
