3568	3570	3568	3570	3568	3570	3568	3570	3568	3570	3568	3570
1118	1117	1118	1117	1118	1117	1118	1117	1118	1117	1118	1117
3570	3568	3570	3568	3570	3568	3570	3568	3570	3568	3570	3568
1172	1199	2599	1199	2639	4200	7155	6394	4200	4198	2726	9506
1117	1118	1117	1118	1117	1118	1117	1118	1117	1118	1117	1118
3570	3568	3570	3568	3570	3568	3570	3568	3570	3568	3570	3568
3570	3568	3570	3568	3570	3568	3570	3568	3570	3568	3570	3568
1118	1117	1118	1117	1118	1117	1118	1117	1118	1117	1118	1117
3570	3568	3570	3568	3570	3568	3570	3568	3570	3568	3570	3568
1118	1117	1118	1117	1118	1117	1118	1117	1118	1117	1118	1117
3570	3568	3570	3568	3570	3568	3570	3568	3570	3568	3570	3568
2403	1127	4963	4653	5703	6417	6416	2823	6416	6417	685	12299
1118	1117	1118	1117	1118	1117	1118	1117	1118	1117	1118	1117
3570	3568	3570	3568	3570	3568	3570	3568	3570	3568	3570	3568
1117	1118	1117	1118	1117	1118	1117	1118	1117	1118	1117	1118
16589	16590	16589	16595	16589	16590	16589	16590	16588	16589	16595	3198
1118	1117	1118	1117	1118	1117	1118	1117	1118	1117	1118	1117
3569	3568	3570	3568	3570	3568	3570	3568	3570	3568	3570	3568
