242	4546	242	657	664	487	4634	5851	4590	4958	2513	2963
3570	3568	3570	3568	3570	3568	3570	3568	3570	3568	3570	3568
2814	6082	667	244	1413	239	249	258	2522	1043	5334	3748
3568	3570	3568	3570	3568	3570	3568	3570	3568	3570	3568	3570
3568	3570	3568	3570	3568	3570	3568	3570	3568	3570	3568	3570
3568	3570	3568	3570	3568	3570	3568	3570	3568	3570	3568	3570
4475	5231	1081	5231	1081	2131	4868	2131	2002	2137	639	12677
7886	4635	6048	4635	8266	4635	7886	4635	3265	666	1201	3819
3568	3570	3568	3570	3568	3570	3568	3570	3568	3570	3568	3570
1117	1118	1117	1118	1117	1118	1117	1118	1117	1118	1117	1118
3568	3570	3568	3570	3568	3570	3568	3570	3568	3570	3568	3570
1118	1117	1118	1117	1118	1117	1118	1117	1118	1117	1118	1117
5740	2440	5740	2440	4045	4088	4632	4088	4632	4474	2758	5483
3568	3570	3568	3570	3568	3570	3568	3570	3568	3570	3568	3570
3570	3568	3570	3568	3570	3568	3570	3568	3570	3568	3570	3568
